Date	Depth(m)	NO3_C(mmol_m-3)	PO4_C(mmol_m-3)	NH4_C(mmol_m-3)	NO3_E(mmol_m-3)	PO4_E(mmol_m-3)	NH4_E(mmol_m-3)	NO3_W(mmol_m-3)	PO4_W(mmol_m-3)	NH4_W(mmol_m-3)	NO3_S(mmol_m-3)	PO4_S(mmol_m-3)	NH4_S(mmol_m-3)	NO3_N(mmol_m-3)	PO4_N(mmol_m-3)	NH4_N(mmol_m-3)
2020-09-16	1.02	0.324	0.009	0.133	0.443	0.008	0.147	0.254	0.009	0.126	0.188	0.009	0.105	0.603	0.008	0.183
2020-09-16	3.17	0.324	0.009	0.133	0.443	0.008	0.147	0.254	0.009	0.126	0.188	0.009	0.105	0.603	0.008	0.183
2020-09-16	5.46	0.324	0.009	0.133	0.443	0.008	0.147	0.254	0.009	0.126	0.188	0.009	0.105	0.603	0.008	0.183
2020-09-16	7.92	0.324	0.009	0.133	0.443	0.008	0.147	0.254	0.009	0.126	0.188	0.009	0.105	0.603	0.008	0.183
2020-09-16	10.54	0.324	0.009	0.133	0.443	0.008	0.147	0.254	0.009	0.126	0.188	0.009	0.105	0.603	0.008	0.183
2020-09-16	13.32	0.324	0.009	0.133	0.443	0.008	0.147	0.254	0.009	0.126	0.188	0.009	0.105	0.603	0.008	0.183
2020-09-16	16.27	0.324	0.009	0.133	0.443	0.008	0.147	0.254	0.009	0.126	0.188	0.009	0.105	0.603	0.008	0.183
2020-09-16	19.40	0.324	0.009	0.133	0.441	0.008	0.148	0.242	0.009	0.127	0.186	0.009	0.105	0.603	0.008	0.183
2020-09-16	22.71	0.324	0.009	0.133	0.438	0.007	0.148	0.216	0.007	0.129	0.175	0.009	0.105	0.603	0.008	0.183
2020-09-16	26.20	0.324	0.009	0.133	0.447	0.006	0.148	0.231	0.006	0.138	0.149	0.008	0.106	0.542	0.008	0.174
2020-09-16	29.89	0.317	0.009	0.134	0.473	0.006	0.153	0.265	0.006	0.149	0.153	0.007	0.111	0.465	0.007	0.159
2020-09-16	33.77	0.295	0.007	0.147	0.498	0.005	0.159	0.306	0.006	0.158	0.181	0.007	0.122	0.495	0.006	0.165
2020-09-16	37.85	0.338	0.006	0.160	0.527	0.005	0.166	0.349	0.006	0.170	0.221	0.007	0.135	0.518	0.005	0.170
2020-09-16	42.15	0.396	0.006	0.172	0.564	0.006	0.176	0.399	0.006	0.184	0.268	0.007	0.151	0.529	0.005	0.175
2020-09-16	46.65	0.458	0.006	0.184	0.612	0.006	0.188	0.457	0.007	0.200	0.321	0.007	0.168	0.553	0.006	0.183
2020-09-16	51.38	0.530	0.007	0.200	0.669	0.007	0.202	0.521	0.008	0.219	0.380	0.008	0.185	0.603	0.006	0.197
2020-09-16	56.33	0.613	0.008	0.218	0.732	0.008	0.217	0.589	0.009	0.239	0.444	0.008	0.203	0.669	0.007	0.213
2020-09-16	61.52	0.704	0.010	0.237	0.797	0.009	0.233	0.660	0.010	0.259	0.512	0.009	0.222	0.744	0.009	0.231
2020-09-16	66.95	0.794	0.011	0.255	0.862	0.010	0.251	0.748	0.013	0.273	0.584	0.011	0.240	0.823	0.011	0.249
2020-09-16	72.62	0.880	0.014	0.270	0.922	0.012	0.270	0.859	0.018	0.280	0.665	0.013	0.258	0.898	0.013	0.267
2020-09-16	78.55	0.960	0.018	0.280	0.975	0.015	0.291	0.956	0.023	0.283	0.756	0.016	0.274	0.969	0.017	0.282
2020-09-16	84.74	1.038	0.023	0.284	1.017	0.019	0.313	1.013	0.027	0.286	0.852	0.019	0.287	1.026	0.021	0.297
2020-09-16	91.20	1.127	0.030	0.284	1.050	0.022	0.337	1.162	0.036	0.285	0.947	0.024	0.296	1.089	0.027	0.308
2020-09-16	97.93	1.238	0.038	0.285	1.081	0.027	0.364	1.563	0.056	0.257	1.039	0.029	0.304	1.164	0.034	0.317
2020-09-16	104.94	1.389	0.047	0.287	1.086	0.031	0.391	1.885	0.072	0.231	1.129	0.035	0.313	1.269	0.041	0.323
2020-09-16	112.25	1.560	0.057	0.291	1.149	0.037	0.404	2.273	0.090	0.188	1.227	0.041	0.322	1.420	0.051	0.326
2020-09-16	119.86	1.865	0.072	0.274	1.276	0.046	0.411	2.353	0.093	0.179	1.354	0.049	0.326	1.620	0.061	0.319
2020-09-16	127.77	2.025	0.080	0.263	1.475	0.057	0.406	2.412	0.096	0.170	1.511	0.057	0.324	1.843	0.072	0.302
2020-09-16	136.00	2.108	0.084	0.256	1.736	0.069	0.381	2.429	0.096	0.168	1.698	0.067	0.315	2.048	0.081	0.280
2020-09-16	144.55	2.158	0.086	0.249	1.971	0.080	0.353	2.439	0.097	0.166	1.905	0.076	0.298	2.188	0.088	0.257
2020-09-16	153.43	2.191	0.088	0.241	2.127	0.087	0.322	2.446	0.097	0.164	2.085	0.084	0.277	2.272	0.092	0.237
2020-09-16	162.66	2.218	0.089	0.232	2.224	0.092	0.293	2.454	0.098	0.163	2.220	0.090	0.257	2.322	0.094	0.220
2020-09-16	172.24	2.245	0.090	0.222	2.285	0.094	0.268	2.461	0.098	0.161	2.315	0.095	0.240	2.355	0.095	0.205
2020-09-16	182.18	2.283	0.092	0.208	2.326	0.096	0.244	2.462	0.098	0.160	2.381	0.098	0.223	2.377	0.096	0.192
2020-09-16	192.48	2.327	0.093	0.192	2.357	0.097	0.224	2.463	0.098	0.160	2.429	0.100	0.209	2.396	0.096	0.181
2020-09-16	203.17	2.375	0.095	0.174	2.385	0.097	0.204	2.465	0.098	0.160	2.469	0.101	0.195	2.410	0.097	0.172
2020-09-16	214.25	2.414	0.096	0.155	2.412	0.098	0.186	2.466	0.098	0.159	2.500	0.102	0.181	2.423	0.097	0.163
2020-09-16	225.72	2.461	0.098	0.138	2.432	0.098	0.170	2.466	0.098	0.159	2.530	0.103	0.168	2.438	0.097	0.155
2020-09-16	237.61	2.491	0.099	0.124	2.452	0.099	0.156	2.467	0.098	0.159	2.557	0.104	0.155	2.452	0.098	0.147
2020-09-16	249.92	2.518	0.100	0.113	2.476	0.099	0.142	2.472	0.098	0.158	2.583	0.105	0.142	2.470	0.098	0.139
2020-09-16	262.65	2.542	0.100	0.103	2.499	0.100	0.129	2.477	0.099	0.157	2.607	0.106	0.130	2.490	0.099	0.130
2020-09-16	275.83	2.568	0.101	0.094	2.521	0.100	0.118	2.479	0.099	0.156	2.631	0.106	0.119	2.513	0.100	0.122
2020-09-16	289.46	2.597	0.102	0.084	2.543	0.101	0.108	2.482	0.099	0.155	2.653	0.107	0.108	2.537	0.101	0.114
2020-09-16	303.56	2.624	0.103	0.076	2.568	0.102	0.097	2.483	0.099	0.155	2.676	0.107	0.098	2.560	0.101	0.107
2020-09-16	318.13	2.653	0.104	0.068	2.591	0.103	0.088	2.485	0.099	0.155	2.699	0.108	0.088	2.588	0.102	0.098
2020-09-16	333.19	2.683	0.105	0.061	2.617	0.103	0.079	2.489	0.099	0.154	2.722	0.109	0.078	2.618	0.104	0.090
2020-09-16	348.75	2.714	0.107	0.054	2.648	0.104	0.070	2.492	0.099	0.153	2.746	0.109	0.070	2.651	0.105	0.082
2020-09-16	364.82	2.744	0.108	0.048	2.676	0.105	0.061	2.495	0.099	0.152	2.770	0.110	0.062	2.688	0.106	0.073
2020-09-16	381.42	2.776	0.109	0.042	2.703	0.106	0.054	2.501	0.099	0.150	2.797	0.111	0.055	2.727	0.108	0.064
2020-09-16	398.54	2.807	0.111	0.038	2.730	0.108	0.048	2.508	0.100	0.148	2.824	0.112	0.048	2.763	0.109	0.056
2020-09-16	416.22	2.838	0.112	0.034	2.758	0.109	0.042	2.515	0.100	0.147	2.851	0.113	0.042	2.800	0.111	0.049
2020-09-16	434.46	2.867	0.113	0.030	2.786	0.110	0.037	2.531	0.101	0.142	2.879	0.114	0.037	2.835	0.112	0.042
2020-09-16	453.27	2.896	0.114	0.028	2.814	0.111	0.033	2.550	0.101	0.137	2.907	0.115	0.032	2.871	0.114	0.036
2020-09-16	472.67	2.923	0.116	0.025	2.843	0.112	0.029	2.570	0.102	0.132	2.935	0.117	0.028	2.905	0.115	0.031
2020-09-16	492.67	2.949	0.117	0.024	2.872	0.113	0.025	2.612	0.104	0.121	2.963	0.118	0.024	2.940	0.117	0.026
2020-09-16	513.29	2.973	0.118	0.022	2.902	0.115	0.022	2.726	0.108	0.093	2.990	0.119	0.021	2.973	0.118	0.023
2020-09-16	534.53	2.996	0.119	0.020	2.933	0.116	0.019	2.770	0.110	0.082	3.016	0.120	0.019	3.005	0.119	0.019
2020-09-16	556.41	3.018	0.120	0.019	2.965	0.117	0.017	2.877	0.114	0.056	3.041	0.121	0.017	3.034	0.121	0.017
2020-09-16	578.94	3.039	0.121	0.017	2.997	0.119	0.014	2.862	0.114	0.055	3.066	0.122	0.015	3.062	0.122	0.015
2020-09-16	602.15	3.060	0.122	0.016	3.029	0.120	0.012	2.893	0.115	0.049	3.089	0.123	0.013	3.087	0.123	0.013
2020-09-16	626.03	3.080	0.123	0.015	3.061	0.122	0.010	2.912	0.116	0.044	3.111	0.125	0.012	3.111	0.124	0.012
2020-09-16	650.62	3.100	0.124	0.013	3.092	0.123	0.009	2.937	0.117	0.039	3.133	0.125	0.011	3.134	0.125	0.011
2020-09-16	675.91	3.120	0.125	0.012	3.122	0.124	0.007	2.962	0.118	0.035	3.153	0.126	0.010	3.155	0.126	0.010
2020-09-16	701.93	3.140	0.125	0.011	3.151	0.126	0.006	2.988	0.119	0.031	3.174	0.127	0.009	3.176	0.127	0.009
2020-09-16	728.69	3.160	0.126	0.010	3.179	0.127	0.005	3.013	0.120	0.028	3.195	0.128	0.008	3.197	0.128	0.008
2020-09-16	756.20	3.180	0.127	0.008	3.206	0.128	0.004	3.038	0.121	0.024	3.216	0.129	0.007	3.218	0.129	0.007
2020-09-16	784.47	3.201	0.128	0.007	3.232	0.129	0.004	3.062	0.122	0.022	3.237	0.130	0.006	3.238	0.130	0.006
2020-09-16	813.53	3.222	0.129	0.006	3.258	0.131	0.003	3.086	0.123	0.019	3.258	0.131	0.006	3.258	0.131	0.006
2020-09-16	843.39	3.243	0.130	0.006	3.282	0.132	0.003	3.110	0.124	0.017	3.279	0.132	0.005	3.278	0.132	0.005
2020-09-16	874.06	3.264	0.131	0.005	3.306	0.133	0.002	3.134	0.125	0.015	3.301	0.133	0.004	3.298	0.133	0.004
2020-09-16	905.55	3.285	0.132	0.004	3.329	0.134	0.002	3.158	0.126	0.013	3.322	0.134	0.004	3.318	0.134	0.004
2020-09-16	937.89	3.306	0.133	0.004	3.350	0.135	0.002	3.182	0.127	0.012	3.343	0.135	0.003	3.337	0.134	0.003
2020-09-16	971.08	3.327	0.134	0.003	3.371	0.136	0.002	3.207	0.128	0.010	3.364	0.136	0.003	3.356	0.135	0.003
2020-09-16	1005.14	3.349	0.135	0.003	3.391	0.137	0.002	3.232	0.130	0.009	3.385	0.137	0.002	3.375	0.136	0.003
2020-09-16	1040.08	3.370	0.136	0.002	3.410	0.138	0.001	3.258	0.131	0.008	3.406	0.138	0.002	3.394	0.137	0.002
2020-09-16	1075.91	3.391	0.137	0.002	3.427	0.139	0.001	3.285	0.132	0.007	3.426	0.139	0.002	3.412	0.138	0.002
2020-09-16	1112.66	3.411	0.138	0.002	3.444	0.139	0.001	3.312	0.133	0.006	3.445	0.140	0.001	3.430	0.139	0.002
2020-09-16	1150.34	3.432	0.139	0.002	3.461	0.140	0.001	3.341	0.135	0.005	3.465	0.141	0.001	3.449	0.140	0.002
2020-09-16	1188.95	3.451	0.140	0.001	3.477	0.141	0.001	3.369	0.136	0.004	3.483	0.142	0.001	3.467	0.141	0.001
2020-09-16	1228.52	3.471	0.141	0.001	3.493	0.142	0.001	3.398	0.137	0.004	3.501	0.143	0.001	3.484	0.141	0.001
2020-09-16	1269.05	3.490	0.142	0.001	3.508	0.142	0.001	3.426	0.139	0.003	3.519	0.143	0.001	3.502	0.142	0.001
2020-09-16	1310.56	3.508	0.143	0.001	3.524	0.143	0.001	3.455	0.140	0.002	3.535	0.144	0.001	3.519	0.143	0.001
2020-09-16	1353.07	3.526	0.143	0.001	3.538	0.144	0.001	3.482	0.141	0.002	3.551	0.145	0.001	3.535	0.144	0.001
2020-09-16	1396.58	3.544	0.144	0.001	3.553	0.145	0.001	3.508	0.142	0.002	3.567	0.146	0.000	3.551	0.145	0.001
2020-09-16	1441.11	3.561	0.145	0.001	3.567	0.145	0.001	3.532	0.144	0.001	3.582	0.146	0.000	3.566	0.145	0.000
2020-09-16	1486.67	3.577	0.146	0.000	3.581	0.146	0.000	3.556	0.145	0.001	3.596	0.147	0.000	3.580	0.146	0.000
2020-09-16	1533.27	3.592	0.147	0.000	3.595	0.147	0.000	3.577	0.146	0.001	3.609	0.148	0.000	3.593	0.147	0.000
2020-09-16	1580.93	3.607	0.147	0.000	3.608	0.147	0.000	3.597	0.147	0.001	3.622	0.148	0.000	3.605	0.147	0.000
2020-09-16	1629.65	3.621	0.148	0.000	3.622	0.148	0.000	3.615	0.148	0.000	3.634	0.149	0.000	3.615	0.148	0.000
2020-09-16	1679.44	3.634	0.149	0.000	3.634	0.149	0.000	3.632	0.148	0.000	3.646	0.149	0.000	3.625	0.148	0.000
2020-09-16	1730.33	3.646	0.149	0.000	3.646	0.149	0.000	3.647	0.149	0.000	3.657	0.150	0.000	3.634	0.149	0.000
2020-09-16	1782.31	3.657	0.150	0.000	3.657	0.150	0.000	3.660	0.150	0.000	3.667	0.150	0.000	3.641	0.149	0.000
2020-09-16	1835.40	3.668	0.150	0.000	3.668	0.150	0.000	3.673	0.150	0.000	3.676	0.151	0.000	3.649	0.149	0.000
2020-09-16	1889.61	3.678	0.151	0.000	3.678	0.151	0.000	3.684	0.151	0.000	3.685	0.151	0.000	3.655	0.150	0.000
2020-09-16	1944.95	3.687	0.151	0.000	3.687	0.151	0.000	3.694	0.151	0.000	3.693	0.152	0.000	3.661	0.150	0.000
2020-09-16	2001.42	3.695	0.152	0.000	3.696	0.152	0.000	3.703	0.152	0.000	3.701	0.152	0.000	3.666	0.150	0.000
2020-09-16	2059.03	3.703	0.152	0.000	3.704	0.152	0.000	3.710	0.152	0.000	3.708	0.152	0.000	3.671	0.150	0.000
2020-09-16	2117.79	3.711	0.152	0.000	3.712	0.152	0.000	3.718	0.153	0.000	3.715	0.153	0.000	3.676	0.151	0.000
2020-09-16	2177.71	3.718	0.153	0.000	3.719	0.153	0.000	3.725	0.153	0.000	3.721	0.153	0.000	3.681	0.151	0.000
2020-09-16	2238.80	3.725	0.153	0.000	3.726	0.153	0.000	3.732	0.153	0.000	3.727	0.153	0.000	3.686	0.151	0.000
2020-09-16	2301.06	3.731	0.153	0.000	3.733	0.153	0.000	3.739	0.154	0.000	3.733	0.154	0.000	3.690	0.151	0.000
2020-09-16	2364.49	3.737	0.154	0.000	3.739	0.154	0.000	3.746	0.154	0.000	3.738	0.154	0.000	3.694	0.151	0.000
2020-09-16	2429.11	3.743	0.154	0.000	3.744	0.154	0.000	3.752	0.154	0.000	3.743	0.154	0.000	3.696	0.152	0.000
2020-09-16	2494.91	3.749	0.154	0.000	3.750	0.154	0.000	3.758	0.155	0.000	3.747	0.154	0.000	3.701	0.152	0.000
2020-09-16	2561.90	3.755	0.154	0.000	3.755	0.154	0.000	3.761	0.155	0.000	3.752	0.155	0.000	3.705	0.152	0.000
2020-09-16	2630.09	3.760	0.155	0.000	3.759	0.155	0.000	3.767	0.155	0.000	3.756	0.155	0.000	3.710	0.152	0.000
2020-09-16	2699.47	3.765	0.155	0.000	3.764	0.155	0.000	3.767	0.155	0.000	3.760	0.155	0.000	3.714	0.152	0.000
2020-09-16	2770.06	3.770	0.155	0.000	3.767	0.155	0.000	3.766	0.155	0.000	3.763	0.155	0.000	3.721	0.153	0.000
2020-09-17	1.02	0.292	0.009	0.131	0.441	0.008	0.150	0.246	0.009	0.125	0.210	0.009	0.114	0.619	0.008	0.188
2020-09-17	3.17	0.292	0.009	0.131	0.441	0.008	0.150	0.246	0.009	0.125	0.210	0.009	0.114	0.619	0.008	0.188
2020-09-17	5.46	0.292	0.009	0.131	0.441	0.008	0.150	0.246	0.009	0.125	0.210	0.009	0.114	0.619	0.008	0.188
2020-09-17	7.92	0.292	0.009	0.131	0.441	0.008	0.150	0.246	0.009	0.125	0.210	0.009	0.114	0.619	0.008	0.188
2020-09-17	10.54	0.292	0.009	0.131	0.441	0.008	0.150	0.246	0.009	0.125	0.210	0.009	0.114	0.619	0.008	0.188
2020-09-17	13.32	0.292	0.009	0.131	0.441	0.008	0.150	0.246	0.009	0.125	0.210	0.009	0.114	0.619	0.008	0.188
2020-09-17	16.27	0.292	0.009	0.131	0.441	0.008	0.150	0.246	0.009	0.125	0.210	0.009	0.114	0.619	0.008	0.188
2020-09-17	19.40	0.292	0.009	0.131	0.440	0.008	0.150	0.231	0.008	0.128	0.210	0.009	0.114	0.618	0.008	0.188
2020-09-17	22.71	0.292	0.009	0.131	0.442	0.007	0.150	0.225	0.007	0.135	0.189	0.008	0.112	0.617	0.008	0.188
2020-09-17	26.20	0.292	0.009	0.131	0.463	0.006	0.152	0.257	0.006	0.149	0.177	0.007	0.117	0.600	0.008	0.185
2020-09-17	29.89	0.292	0.009	0.131	0.495	0.005	0.158	0.305	0.006	0.161	0.208	0.007	0.130	0.508	0.006	0.168
2020-09-17	33.77	0.333	0.007	0.159	0.520	0.005	0.165	0.346	0.006	0.172	0.248	0.007	0.141	0.533	0.006	0.173
2020-09-17	37.85	0.391	0.006	0.171	0.552	0.006	0.173	0.393	0.006	0.186	0.291	0.007	0.155	0.550	0.005	0.177
2020-09-17	42.15	0.453	0.006	0.183	0.594	0.006	0.184	0.446	0.007	0.202	0.338	0.007	0.169	0.550	0.006	0.180
2020-09-17	46.65	0.520	0.007	0.198	0.644	0.006	0.196	0.506	0.008	0.220	0.391	0.008	0.184	0.569	0.006	0.188
2020-09-17	51.38	0.598	0.008	0.215	0.700	0.007	0.210	0.569	0.009	0.238	0.448	0.008	0.200	0.616	0.007	0.201
2020-09-17	56.33	0.683	0.009	0.233	0.760	0.008	0.225	0.636	0.010	0.257	0.510	0.009	0.217	0.683	0.008	0.218
2020-09-17	61.52	0.771	0.011	0.251	0.822	0.010	0.241	0.711	0.012	0.273	0.575	0.010	0.234	0.763	0.009	0.238
2020-09-17	66.95	0.857	0.014	0.268	0.883	0.011	0.259	0.805	0.016	0.284	0.644	0.012	0.252	0.844	0.011	0.257
2020-09-17	72.62	0.936	0.017	0.281	0.938	0.014	0.278	0.913	0.021	0.289	0.720	0.015	0.270	0.918	0.014	0.276
2020-09-17	78.55	1.009	0.021	0.290	0.984	0.017	0.298	1.005	0.026	0.293	0.805	0.018	0.286	0.983	0.018	0.294
2020-09-17	84.74	1.069	0.026	0.296	1.022	0.020	0.320	1.104	0.032	0.294	0.895	0.022	0.300	1.036	0.023	0.310
2020-09-17	91.20	1.194	0.035	0.294	1.052	0.024	0.345	1.235	0.040	0.296	0.987	0.027	0.311	1.096	0.028	0.325
2020-09-17	97.93	1.410	0.048	0.287	1.075	0.028	0.372	1.399	0.049	0.290	1.078	0.032	0.321	1.172	0.035	0.339
2020-09-17	104.94	1.660	0.061	0.278	1.102	0.033	0.397	1.608	0.059	0.280	1.171	0.038	0.333	1.285	0.043	0.347
2020-09-17	112.25	1.775	0.068	0.277	1.201	0.040	0.407	1.827	0.070	0.264	1.282	0.045	0.342	1.454	0.053	0.348
2020-09-17	119.86	1.923	0.075	0.270	1.346	0.049	0.411	2.027	0.079	0.246	1.424	0.053	0.342	1.669	0.064	0.336
2020-09-17	127.77	2.036	0.080	0.260	1.543	0.060	0.401	2.206	0.087	0.223	1.601	0.062	0.334	1.894	0.075	0.313
2020-09-17	136.00	2.113	0.084	0.251	1.795	0.072	0.371	2.311	0.092	0.209	1.803	0.071	0.315	2.088	0.083	0.287
2020-09-17	144.55	2.163	0.086	0.241	1.993	0.081	0.344	2.371	0.095	0.198	2.014	0.081	0.290	2.210	0.089	0.262
2020-09-17	153.43	2.201	0.088	0.231	2.128	0.087	0.316	2.411	0.096	0.189	2.187	0.089	0.263	2.281	0.093	0.240
2020-09-17	162.66	2.233	0.089	0.221	2.214	0.091	0.289	2.449	0.098	0.179	2.311	0.094	0.240	2.324	0.094	0.222
2020-09-17	172.24	2.264	0.091	0.209	2.270	0.094	0.266	2.473	0.099	0.170	2.400	0.098	0.217	2.355	0.095	0.207
2020-09-17	182.18	2.297	0.092	0.197	2.308	0.095	0.244	2.483	0.099	0.166	2.447	0.100	0.202	2.377	0.096	0.193
2020-09-17	192.48	2.330	0.093	0.184	2.337	0.096	0.224	2.488	0.100	0.164	2.494	0.102	0.184	2.395	0.096	0.182
2020-09-17	203.17	2.361	0.094	0.171	2.363	0.096	0.207	2.494	0.100	0.161	2.518	0.103	0.174	2.409	0.097	0.172
2020-09-17	214.25	2.409	0.096	0.151	2.386	0.097	0.191	2.500	0.100	0.158	2.536	0.103	0.166	2.422	0.097	0.163
2020-09-17	225.72	2.455	0.097	0.134	2.404	0.097	0.177	2.502	0.100	0.157	2.552	0.104	0.158	2.437	0.097	0.154
2020-09-17	237.61	2.490	0.099	0.119	2.424	0.097	0.162	2.504	0.100	0.156	2.567	0.104	0.150	2.452	0.098	0.146
2020-09-17	249.92	2.523	0.100	0.106	2.446	0.098	0.149	2.511	0.100	0.153	2.592	0.105	0.138	2.469	0.098	0.138
2020-09-17	262.65	2.549	0.100	0.097	2.468	0.099	0.137	2.520	0.101	0.149	2.612	0.106	0.128	2.489	0.099	0.129
2020-09-17	275.83	2.576	0.101	0.087	2.486	0.099	0.127	2.524	0.101	0.147	2.636	0.106	0.116	2.510	0.100	0.122
2020-09-17	289.46	2.614	0.103	0.075	2.505	0.100	0.119	2.527	0.101	0.146	2.654	0.107	0.108	2.532	0.100	0.114
2020-09-17	303.56	2.642	0.104	0.066	2.529	0.100	0.107	2.527	0.101	0.146	2.677	0.107	0.098	2.555	0.101	0.107
2020-09-17	318.13	2.672	0.105	0.059	2.565	0.101	0.093	2.529	0.101	0.145	2.692	0.108	0.091	2.582	0.102	0.099
2020-09-17	333.19	2.703	0.106	0.052	2.598	0.103	0.082	2.536	0.101	0.143	2.727	0.109	0.077	2.611	0.103	0.091
2020-09-17	348.75	2.734	0.107	0.045	2.630	0.104	0.072	2.540	0.101	0.142	2.749	0.110	0.069	2.644	0.105	0.082
2020-09-17	364.82	2.765	0.109	0.040	2.660	0.105	0.063	2.545	0.101	0.140	2.773	0.110	0.062	2.681	0.106	0.073
2020-09-17	381.42	2.796	0.110	0.035	2.689	0.106	0.055	2.555	0.102	0.137	2.799	0.111	0.055	2.719	0.108	0.064
2020-09-17	398.54	2.826	0.111	0.032	2.718	0.107	0.049	2.569	0.102	0.133	2.827	0.112	0.048	2.755	0.109	0.056
2020-09-17	416.22	2.856	0.112	0.029	2.747	0.108	0.043	2.582	0.103	0.130	2.855	0.113	0.042	2.791	0.110	0.049
2020-09-17	434.46	2.885	0.114	0.026	2.776	0.109	0.038	2.615	0.104	0.121	2.883	0.115	0.037	2.826	0.112	0.043
2020-09-17	453.27	2.914	0.115	0.024	2.806	0.110	0.033	2.644	0.105	0.113	2.912	0.116	0.032	2.861	0.113	0.037
2020-09-17	472.67	2.940	0.116	0.022	2.836	0.112	0.028	2.687	0.107	0.101	2.940	0.117	0.028	2.896	0.115	0.032
2020-09-17	492.67	2.966	0.117	0.020	2.867	0.113	0.025	2.732	0.109	0.090	2.968	0.118	0.024	2.932	0.116	0.027
2020-09-17	513.29	2.989	0.119	0.019	2.898	0.114	0.021	2.780	0.111	0.077	2.995	0.119	0.021	2.966	0.118	0.023
2020-09-17	534.53	3.012	0.120	0.018	2.929	0.116	0.018	2.827	0.112	0.066	3.020	0.120	0.019	2.998	0.119	0.020
2020-09-17	556.41	3.034	0.121	0.017	2.962	0.117	0.016	2.868	0.114	0.055	3.046	0.122	0.017	3.028	0.120	0.017
2020-09-17	578.94	3.055	0.122	0.015	2.995	0.119	0.014	2.879	0.115	0.051	3.070	0.123	0.015	3.056	0.122	0.015
2020-09-17	602.15	3.074	0.122	0.014	3.027	0.120	0.012	2.904	0.115	0.046	3.093	0.124	0.013	3.082	0.123	0.013
2020-09-17	626.03	3.093	0.123	0.013	3.060	0.121	0.010	2.919	0.116	0.042	3.116	0.125	0.012	3.106	0.124	0.012
2020-09-17	650.62	3.112	0.124	0.012	3.091	0.123	0.008	2.943	0.117	0.038	3.137	0.126	0.011	3.129	0.125	0.011
2020-09-17	675.91	3.131	0.125	0.011	3.122	0.124	0.007	2.966	0.118	0.034	3.159	0.127	0.009	3.151	0.126	0.010
2020-09-17	701.93	3.151	0.126	0.010	3.151	0.126	0.006	2.991	0.119	0.030	3.180	0.128	0.009	3.172	0.127	0.009
2020-09-17	728.69	3.170	0.127	0.009	3.179	0.127	0.005	3.015	0.120	0.027	3.201	0.129	0.008	3.193	0.128	0.008
2020-09-17	756.20	3.190	0.128	0.008	3.206	0.128	0.004	3.040	0.121	0.024	3.222	0.130	0.007	3.213	0.129	0.007
2020-09-17	784.47	3.209	0.129	0.007	3.232	0.129	0.004	3.064	0.122	0.021	3.243	0.130	0.006	3.234	0.130	0.006
2020-09-17	813.53	3.230	0.130	0.006	3.258	0.131	0.003	3.088	0.123	0.019	3.265	0.131	0.005	3.254	0.131	0.006
2020-09-17	843.39	3.250	0.130	0.005	3.282	0.132	0.003	3.113	0.124	0.017	3.286	0.132	0.005	3.274	0.132	0.005
2020-09-17	874.06	3.271	0.131	0.005	3.306	0.133	0.002	3.137	0.125	0.015	3.308	0.133	0.004	3.294	0.132	0.004
2020-09-17	905.55	3.291	0.132	0.004	3.328	0.134	0.002	3.162	0.126	0.013	3.329	0.134	0.003	3.314	0.133	0.004
2020-09-17	937.89	3.312	0.133	0.004	3.350	0.135	0.002	3.186	0.127	0.012	3.350	0.135	0.003	3.333	0.134	0.003
2020-09-17	971.08	3.332	0.134	0.003	3.371	0.136	0.002	3.211	0.129	0.010	3.371	0.136	0.003	3.353	0.135	0.003
2020-09-17	1005.14	3.353	0.135	0.003	3.390	0.137	0.002	3.236	0.130	0.009	3.393	0.137	0.002	3.372	0.136	0.003
2020-09-17	1040.08	3.374	0.136	0.002	3.409	0.138	0.001	3.262	0.131	0.008	3.413	0.138	0.002	3.390	0.137	0.002
2020-09-17	1075.91	3.395	0.137	0.002	3.427	0.139	0.001	3.288	0.132	0.007	3.433	0.139	0.001	3.409	0.138	0.002
2020-09-17	1112.66	3.415	0.138	0.002	3.445	0.139	0.001	3.315	0.133	0.006	3.453	0.140	0.001	3.427	0.139	0.002
2020-09-17	1150.34	3.435	0.139	0.002	3.461	0.140	0.001	3.342	0.135	0.005	3.472	0.141	0.001	3.446	0.140	0.002
2020-09-17	1188.95	3.455	0.140	0.001	3.478	0.141	0.001	3.369	0.136	0.004	3.491	0.142	0.001	3.464	0.140	0.001
2020-09-17	1228.52	3.475	0.141	0.001	3.494	0.142	0.001	3.397	0.137	0.004	3.508	0.143	0.001	3.482	0.141	0.001
2020-09-17	1269.05	3.493	0.142	0.001	3.510	0.143	0.001	3.425	0.139	0.003	3.526	0.144	0.001	3.500	0.142	0.001
2020-09-17	1310.56	3.512	0.143	0.001	3.526	0.143	0.001	3.453	0.140	0.002	3.542	0.145	0.001	3.517	0.143	0.001
2020-09-17	1353.07	3.530	0.144	0.001	3.541	0.144	0.001	3.480	0.141	0.002	3.558	0.145	0.001	3.533	0.144	0.001
2020-09-17	1396.58	3.547	0.144	0.001	3.555	0.145	0.001	3.507	0.142	0.002	3.573	0.146	0.000	3.549	0.144	0.001
2020-09-17	1441.11	3.564	0.145	0.001	3.570	0.145	0.001	3.532	0.144	0.001	3.588	0.147	0.000	3.564	0.145	0.001
2020-09-17	1486.67	3.580	0.146	0.000	3.584	0.146	0.000	3.556	0.145	0.001	3.601	0.147	0.000	3.578	0.146	0.000
2020-09-17	1533.27	3.596	0.147	0.000	3.598	0.147	0.000	3.578	0.146	0.001	3.614	0.148	0.000	3.591	0.147	0.000
2020-09-17	1580.93	3.610	0.148	0.000	3.611	0.147	0.000	3.599	0.147	0.001	3.627	0.149	0.000	3.603	0.147	0.000
2020-09-17	1629.65	3.624	0.148	0.000	3.624	0.148	0.000	3.618	0.148	0.000	3.639	0.149	0.000	3.614	0.148	0.000
2020-09-17	1679.44	3.637	0.149	0.000	3.636	0.149	0.000	3.635	0.149	0.000	3.650	0.150	0.000	3.624	0.148	0.000
2020-09-17	1730.33	3.649	0.149	0.000	3.648	0.149	0.000	3.651	0.149	0.000	3.660	0.150	0.000	3.633	0.149	0.000
2020-09-17	1782.31	3.660	0.150	0.000	3.659	0.150	0.000	3.665	0.150	0.000	3.670	0.151	0.000	3.640	0.149	0.000
2020-09-17	1835.40	3.671	0.150	0.000	3.670	0.150	0.000	3.677	0.151	0.000	3.679	0.151	0.000	3.647	0.149	0.000
2020-09-17	1889.61	3.680	0.151	0.000	3.679	0.151	0.000	3.688	0.151	0.000	3.688	0.152	0.000	3.654	0.150	0.000
2020-09-17	1944.95	3.689	0.151	0.000	3.689	0.151	0.000	3.698	0.152	0.000	3.696	0.152	0.000	3.660	0.150	0.000
2020-09-17	2001.42	3.697	0.152	0.000	3.697	0.152	0.000	3.706	0.152	0.000	3.703	0.152	0.000	3.665	0.150	0.000
2020-09-17	2059.03	3.705	0.152	0.000	3.706	0.152	0.000	3.714	0.152	0.000	3.710	0.153	0.000	3.670	0.150	0.000
2020-09-17	2117.79	3.713	0.152	0.000	3.713	0.152	0.000	3.721	0.153	0.000	3.717	0.153	0.000	3.675	0.151	0.000
2020-09-17	2177.71	3.720	0.153	0.000	3.721	0.153	0.000	3.728	0.153	0.000	3.723	0.153	0.000	3.680	0.151	0.000
2020-09-17	2238.80	3.726	0.153	0.000	3.727	0.153	0.000	3.735	0.153	0.000	3.729	0.153	0.000	3.684	0.151	0.000
2020-09-17	2301.06	3.733	0.153	0.000	3.734	0.153	0.000	3.742	0.154	0.000	3.734	0.154	0.000	3.689	0.151	0.000
2020-09-17	2364.49	3.739	0.154	0.000	3.740	0.154	0.000	3.748	0.154	0.000	3.739	0.154	0.000	3.693	0.151	0.000
2020-09-17	2429.11	3.745	0.154	0.000	3.746	0.154	0.000	3.753	0.154	0.000	3.744	0.154	0.000	3.695	0.152	0.000
2020-09-17	2494.91	3.750	0.154	0.000	3.751	0.154	0.000	3.759	0.155	0.000	3.748	0.154	0.000	3.701	0.152	0.000
2020-09-17	2561.90	3.756	0.155	0.000	3.756	0.154	0.000	3.763	0.155	0.000	3.753	0.155	0.000	3.704	0.152	0.000
2020-09-17	2630.09	3.761	0.155	0.000	3.761	0.155	0.000	3.767	0.155	0.000	3.757	0.155	0.000	3.709	0.152	0.000
2020-09-17	2699.47	3.766	0.155	0.000	3.765	0.155	0.000	3.769	0.155	0.000	3.760	0.155	0.000	3.713	0.152	0.000
2020-09-17	2770.06	3.771	0.155	0.000	3.769	0.155	0.000	3.768	0.155	0.000	3.764	0.155	0.000	3.720	0.153	0.000
2020-09-18	1.02	0.298	0.008	0.132	0.433	0.008	0.153	0.252	0.008	0.127	0.257	0.009	0.125	0.610	0.008	0.183
2020-09-18	3.17	0.298	0.008	0.132	0.433	0.008	0.153	0.252	0.008	0.127	0.257	0.009	0.125	0.610	0.008	0.183
2020-09-18	5.46	0.298	0.008	0.132	0.433	0.008	0.153	0.252	0.008	0.127	0.257	0.009	0.125	0.610	0.008	0.183
2020-09-18	7.92	0.298	0.008	0.132	0.433	0.008	0.153	0.252	0.008	0.127	0.257	0.009	0.125	0.610	0.008	0.183
2020-09-18	10.54	0.298	0.008	0.132	0.433	0.008	0.153	0.252	0.008	0.127	0.257	0.009	0.125	0.610	0.008	0.183
2020-09-18	13.32	0.298	0.008	0.132	0.433	0.008	0.153	0.252	0.008	0.127	0.257	0.009	0.125	0.610	0.008	0.183
2020-09-18	16.27	0.298	0.008	0.132	0.433	0.008	0.153	0.252	0.008	0.127	0.257	0.009	0.125	0.610	0.008	0.183
2020-09-18	19.40	0.298	0.008	0.132	0.436	0.008	0.152	0.246	0.008	0.128	0.257	0.009	0.125	0.610	0.008	0.183
2020-09-18	22.71	0.298	0.008	0.132	0.459	0.007	0.154	0.237	0.007	0.133	0.225	0.008	0.125	0.608	0.008	0.183
2020-09-18	26.20	0.294	0.008	0.132	0.500	0.005	0.160	0.261	0.006	0.148	0.220	0.007	0.133	0.605	0.008	0.185
2020-09-18	29.89	0.286	0.009	0.129	0.534	0.005	0.169	0.311	0.006	0.163	0.260	0.007	0.146	0.548	0.006	0.177
2020-09-18	33.77	0.345	0.007	0.159	0.561	0.006	0.177	0.359	0.006	0.178	0.301	0.007	0.156	0.566	0.006	0.181
2020-09-18	37.85	0.409	0.006	0.175	0.603	0.006	0.187	0.410	0.007	0.193	0.347	0.008	0.169	0.576	0.005	0.183
2020-09-18	42.15	0.475	0.007	0.191	0.648	0.007	0.198	0.463	0.007	0.209	0.396	0.008	0.182	0.573	0.006	0.185
2020-09-18	46.65	0.538	0.007	0.205	0.699	0.007	0.211	0.519	0.008	0.226	0.448	0.009	0.197	0.588	0.006	0.193
2020-09-18	51.38	0.611	0.008	0.223	0.755	0.008	0.224	0.578	0.009	0.243	0.503	0.010	0.211	0.634	0.007	0.207
2020-09-18	56.33	0.695	0.010	0.242	0.812	0.010	0.239	0.649	0.011	0.258	0.562	0.011	0.226	0.706	0.008	0.226
2020-09-18	61.52	0.786	0.012	0.262	0.868	0.011	0.256	0.745	0.015	0.271	0.625	0.012	0.242	0.788	0.010	0.247
2020-09-18	66.95	0.873	0.015	0.282	0.920	0.013	0.273	0.908	0.022	0.276	0.692	0.015	0.257	0.871	0.012	0.268
2020-09-18	72.62	0.969	0.019	0.296	0.965	0.016	0.292	1.054	0.029	0.279	0.765	0.018	0.273	0.944	0.016	0.290
2020-09-18	78.55	0.982	0.021	0.315	1.003	0.020	0.313	1.201	0.037	0.279	0.844	0.022	0.289	1.005	0.020	0.309
2020-09-18	84.74	0.999	0.025	0.328	1.034	0.023	0.336	1.338	0.044	0.278	0.928	0.026	0.302	1.053	0.025	0.329
2020-09-18	91.20	1.373	0.045	0.293	1.059	0.027	0.362	1.524	0.054	0.273	1.021	0.031	0.314	1.107	0.031	0.349
2020-09-18	97.93	1.810	0.068	0.248	1.082	0.031	0.387	1.701	0.063	0.263	1.122	0.037	0.327	1.179	0.037	0.368
2020-09-18	104.94	2.174	0.086	0.211	1.172	0.038	0.402	1.821	0.069	0.258	1.227	0.043	0.339	1.297	0.045	0.377
2020-09-18	112.25	2.181	0.086	0.210	1.328	0.048	0.403	1.928	0.074	0.252	1.343	0.049	0.348	1.481	0.056	0.375
2020-09-18	119.86	2.188	0.086	0.209	1.507	0.057	0.397	2.105	0.083	0.234	1.463	0.056	0.353	1.715	0.067	0.356
2020-09-18	127.77	2.195	0.087	0.208	1.709	0.068	0.378	2.232	0.088	0.218	1.634	0.064	0.344	1.946	0.078	0.325
2020-09-18	136.00	2.202	0.087	0.206	1.922	0.078	0.346	2.303	0.092	0.208	1.873	0.075	0.313	2.131	0.086	0.293
2020-09-18	144.55	2.210	0.087	0.205	2.059	0.084	0.322	2.368	0.094	0.195	2.146	0.087	0.264	2.236	0.091	0.266
2020-09-18	153.43	2.218	0.088	0.203	2.151	0.088	0.297	2.411	0.096	0.186	2.287	0.093	0.236	2.294	0.094	0.243
2020-09-18	162.66	2.226	0.088	0.201	2.215	0.091	0.274	2.441	0.098	0.178	2.419	0.099	0.203	2.331	0.095	0.224
2020-09-18	172.24	2.234	0.088	0.199	2.259	0.093	0.254	2.457	0.098	0.172	2.514	0.102	0.171	2.359	0.096	0.207
2020-09-18	182.18	2.241	0.089	0.196	2.293	0.094	0.235	2.473	0.099	0.166	2.534	0.103	0.163	2.381	0.096	0.193
2020-09-18	192.48	2.248	0.089	0.194	2.321	0.095	0.218	2.476	0.099	0.164	2.563	0.104	0.150	2.398	0.097	0.180
2020-09-18	203.17	2.252	0.089	0.193	2.344	0.095	0.203	2.481	0.099	0.162	2.568	0.104	0.147	2.411	0.097	0.170
2020-09-18	214.25	2.307	0.091	0.174	2.364	0.096	0.189	2.487	0.099	0.159	2.571	0.104	0.145	2.425	0.097	0.161
2020-09-18	225.72	2.356	0.093	0.156	2.382	0.096	0.176	2.489	0.099	0.158	2.572	0.104	0.145	2.440	0.098	0.152
2020-09-18	237.61	2.384	0.094	0.145	2.405	0.096	0.162	2.490	0.099	0.157	2.572	0.104	0.145	2.456	0.098	0.143
2020-09-18	249.92	2.420	0.095	0.133	2.425	0.097	0.151	2.493	0.099	0.156	2.581	0.104	0.141	2.474	0.098	0.135
2020-09-18	262.65	2.440	0.096	0.126	2.443	0.097	0.141	2.503	0.100	0.151	2.587	0.105	0.138	2.493	0.099	0.126
2020-09-18	275.83	2.453	0.096	0.121	2.454	0.098	0.134	2.509	0.100	0.149	2.601	0.105	0.132	2.514	0.100	0.119
2020-09-18	289.46	2.537	0.100	0.095	2.471	0.098	0.126	2.512	0.100	0.148	2.602	0.105	0.131	2.535	0.101	0.111
2020-09-18	303.56	2.591	0.102	0.079	2.505	0.099	0.111	2.514	0.100	0.147	2.618	0.105	0.124	2.557	0.101	0.104
2020-09-18	318.13	2.633	0.103	0.068	2.557	0.101	0.093	2.516	0.100	0.146	2.619	0.105	0.123	2.583	0.102	0.096
2020-09-18	333.19	2.665	0.104	0.060	2.594	0.102	0.080	2.521	0.100	0.145	2.683	0.107	0.097	2.610	0.103	0.089
2020-09-18	348.75	2.719	0.107	0.047	2.627	0.103	0.070	2.530	0.101	0.142	2.715	0.108	0.084	2.642	0.104	0.081
2020-09-18	364.82	2.775	0.109	0.036	2.657	0.104	0.061	2.538	0.101	0.140	2.757	0.110	0.070	2.679	0.106	0.072
2020-09-18	381.42	2.816	0.111	0.029	2.687	0.106	0.054	2.557	0.102	0.134	2.784	0.111	0.062	2.715	0.107	0.063
2020-09-18	398.54	2.844	0.112	0.026	2.717	0.107	0.047	2.572	0.102	0.130	2.811	0.112	0.055	2.750	0.109	0.056
2020-09-18	416.22	2.880	0.113	0.022	2.746	0.108	0.042	2.591	0.103	0.125	2.837	0.113	0.050	2.785	0.110	0.049
2020-09-18	434.46	2.913	0.115	0.019	2.776	0.109	0.036	2.606	0.104	0.121	2.875	0.114	0.041	2.817	0.111	0.043
2020-09-18	453.27	2.942	0.116	0.017	2.807	0.110	0.032	2.635	0.105	0.113	2.908	0.116	0.034	2.851	0.113	0.038
2020-09-18	472.67	2.965	0.117	0.016	2.838	0.112	0.027	2.669	0.106	0.104	2.945	0.117	0.027	2.884	0.114	0.033
2020-09-18	492.67	2.988	0.118	0.016	2.869	0.113	0.024	2.728	0.108	0.089	2.972	0.118	0.024	2.919	0.116	0.028
2020-09-18	513.29	3.008	0.119	0.016	2.900	0.114	0.020	2.786	0.111	0.075	2.996	0.119	0.021	2.954	0.117	0.024
2020-09-18	534.53	3.028	0.120	0.015	2.932	0.116	0.018	2.836	0.113	0.063	3.027	0.121	0.017	2.987	0.118	0.020
2020-09-18	556.41	3.047	0.121	0.015	2.964	0.117	0.015	2.870	0.114	0.054	3.052	0.122	0.015	3.017	0.120	0.018
2020-09-18	578.94	3.067	0.122	0.014	2.997	0.119	0.013	2.898	0.115	0.047	3.076	0.123	0.013	3.046	0.121	0.015
2020-09-18	602.15	3.085	0.123	0.013	3.029	0.120	0.011	2.921	0.116	0.042	3.096	0.124	0.013	3.072	0.122	0.014
2020-09-18	626.03	3.104	0.124	0.012	3.061	0.122	0.009	2.938	0.117	0.038	3.118	0.125	0.011	3.097	0.123	0.012
2020-09-18	650.62	3.122	0.125	0.011	3.092	0.123	0.008	2.960	0.118	0.034	3.139	0.126	0.010	3.120	0.124	0.011
2020-09-18	675.91	3.140	0.125	0.010	3.122	0.124	0.007	2.979	0.118	0.031	3.159	0.127	0.009	3.142	0.125	0.010
2020-09-18	701.93	3.159	0.126	0.009	3.151	0.126	0.006	3.002	0.119	0.028	3.180	0.128	0.008	3.163	0.126	0.009
2020-09-18	728.69	3.178	0.127	0.008	3.179	0.127	0.005	3.026	0.120	0.025	3.201	0.129	0.008	3.184	0.127	0.008
2020-09-18	756.20	3.197	0.128	0.007	3.206	0.128	0.004	3.050	0.121	0.022	3.222	0.130	0.007	3.205	0.128	0.007
2020-09-18	784.47	3.215	0.129	0.007	3.233	0.129	0.004	3.075	0.123	0.020	3.244	0.130	0.006	3.226	0.129	0.006
2020-09-18	813.53	3.235	0.130	0.006	3.258	0.131	0.003	3.099	0.124	0.018	3.265	0.131	0.005	3.247	0.130	0.006
2020-09-18	843.39	3.254	0.131	0.005	3.282	0.132	0.003	3.124	0.125	0.016	3.287	0.132	0.005	3.267	0.131	0.005
2020-09-18	874.06	3.274	0.132	0.005	3.305	0.133	0.002	3.149	0.126	0.014	3.308	0.133	0.004	3.288	0.132	0.004
2020-09-18	905.55	3.294	0.132	0.004	3.328	0.134	0.002	3.174	0.127	0.013	3.330	0.134	0.003	3.308	0.133	0.004
2020-09-18	937.89	3.315	0.133	0.004	3.349	0.135	0.002	3.198	0.128	0.011	3.351	0.135	0.003	3.327	0.134	0.003
2020-09-18	971.08	3.335	0.134	0.003	3.370	0.136	0.002	3.223	0.129	0.010	3.373	0.136	0.002	3.347	0.135	0.003
2020-09-18	1005.14	3.355	0.135	0.003	3.390	0.137	0.002	3.248	0.130	0.009	3.394	0.137	0.002	3.366	0.136	0.003
2020-09-18	1040.08	3.376	0.136	0.002	3.409	0.138	0.001	3.274	0.131	0.008	3.414	0.138	0.002	3.385	0.137	0.002
2020-09-18	1075.91	3.397	0.137	0.002	3.427	0.139	0.001	3.299	0.133	0.007	3.435	0.139	0.001	3.404	0.138	0.002
2020-09-18	1112.66	3.417	0.138	0.002	3.445	0.139	0.001	3.325	0.134	0.006	3.454	0.140	0.001	3.422	0.138	0.002
2020-09-18	1150.34	3.437	0.139	0.002	3.462	0.140	0.001	3.352	0.135	0.005	3.473	0.141	0.001	3.441	0.139	0.002
2020-09-18	1188.95	3.457	0.140	0.001	3.479	0.141	0.001	3.378	0.136	0.004	3.492	0.142	0.001	3.459	0.140	0.001
2020-09-18	1228.52	3.476	0.141	0.001	3.495	0.142	0.001	3.405	0.138	0.003	3.510	0.143	0.001	3.478	0.141	0.001
2020-09-18	1269.05	3.495	0.142	0.001	3.512	0.143	0.001	3.432	0.139	0.003	3.527	0.144	0.001	3.495	0.142	0.001
2020-09-18	1310.56	3.514	0.143	0.001	3.528	0.143	0.001	3.459	0.140	0.002	3.543	0.145	0.001	3.513	0.143	0.001
2020-09-18	1353.07	3.532	0.144	0.001	3.543	0.144	0.001	3.485	0.141	0.002	3.559	0.145	0.000	3.530	0.144	0.001
2020-09-18	1396.58	3.549	0.145	0.001	3.558	0.145	0.001	3.510	0.143	0.001	3.574	0.146	0.000	3.546	0.144	0.001
2020-09-18	1441.11	3.566	0.145	0.001	3.573	0.146	0.001	3.535	0.144	0.001	3.588	0.147	0.000	3.562	0.145	0.001
2020-09-18	1486.67	3.582	0.146	0.000	3.587	0.146	0.000	3.558	0.145	0.001	3.602	0.147	0.000	3.576	0.146	0.000
2020-09-18	1533.27	3.598	0.147	0.000	3.600	0.147	0.000	3.580	0.146	0.001	3.615	0.148	0.000	3.589	0.146	0.000
2020-09-18	1580.93	3.612	0.148	0.000	3.613	0.148	0.000	3.601	0.147	0.001	3.627	0.149	0.000	3.601	0.147	0.000
2020-09-18	1629.65	3.626	0.148	0.000	3.626	0.148	0.000	3.620	0.148	0.000	3.639	0.149	0.000	3.612	0.148	0.000
2020-09-18	1679.44	3.639	0.149	0.000	3.638	0.149	0.000	3.637	0.149	0.000	3.650	0.150	0.000	3.622	0.148	0.000
2020-09-18	1730.33	3.651	0.149	0.000	3.650	0.149	0.000	3.652	0.149	0.000	3.660	0.150	0.000	3.631	0.148	0.000
2020-09-18	1782.31	3.662	0.150	0.000	3.661	0.150	0.000	3.666	0.150	0.000	3.670	0.151	0.000	3.639	0.149	0.000
2020-09-18	1835.40	3.673	0.151	0.000	3.672	0.150	0.000	3.679	0.151	0.000	3.679	0.151	0.000	3.646	0.149	0.000
2020-09-18	1889.61	3.682	0.151	0.000	3.681	0.151	0.000	3.690	0.151	0.000	3.688	0.151	0.000	3.652	0.149	0.000
2020-09-18	1944.95	3.691	0.151	0.000	3.691	0.151	0.000	3.699	0.152	0.000	3.696	0.152	0.000	3.658	0.150	0.000
2020-09-18	2001.42	3.699	0.152	0.000	3.699	0.152	0.000	3.708	0.152	0.000	3.703	0.152	0.000	3.663	0.150	0.000
2020-09-18	2059.03	3.707	0.152	0.000	3.707	0.152	0.000	3.716	0.153	0.000	3.710	0.153	0.000	3.669	0.150	0.000
2020-09-18	2117.79	3.714	0.153	0.000	3.715	0.152	0.000	3.723	0.153	0.000	3.717	0.153	0.000	3.673	0.150	0.000
2020-09-18	2177.71	3.721	0.153	0.000	3.722	0.153	0.000	3.730	0.153	0.000	3.723	0.153	0.000	3.678	0.151	0.000
2020-09-18	2238.80	3.728	0.153	0.000	3.729	0.153	0.000	3.737	0.154	0.000	3.729	0.153	0.000	3.683	0.151	0.000
2020-09-18	2301.06	3.734	0.153	0.000	3.735	0.153	0.000	3.743	0.154	0.000	3.734	0.154	0.000	3.687	0.151	0.000
2020-09-18	2364.49	3.740	0.154	0.000	3.741	0.154	0.000	3.749	0.154	0.000	3.739	0.154	0.000	3.692	0.151	0.000
2020-09-18	2429.11	3.746	0.154	0.000	3.747	0.154	0.000	3.754	0.154	0.000	3.744	0.154	0.000	3.695	0.151	0.000
2020-09-18	2494.91	3.752	0.154	0.000	3.752	0.154	0.000	3.760	0.155	0.000	3.748	0.154	0.000	3.700	0.152	0.000
2020-09-18	2561.90	3.757	0.155	0.000	3.757	0.154	0.000	3.763	0.155	0.000	3.752	0.155	0.000	3.703	0.152	0.000
2020-09-18	2630.09	3.763	0.155	0.000	3.762	0.155	0.000	3.767	0.155	0.000	3.756	0.155	0.000	3.708	0.152	0.000
2020-09-18	2699.47	3.767	0.155	0.000	3.766	0.155	0.000	3.770	0.155	0.000	3.760	0.155	0.000	3.713	0.152	0.000
2020-09-18	2770.06	3.772	0.155	0.000	3.770	0.155	0.000	3.770	0.155	0.000	3.764	0.155	0.000	3.720	0.153	0.000
