Date	Depth(m)	phyc_C(mmol/m3)	chl_C(mg/m3)	phyc_E(mmol/m3)	chl_E(mg/m3)	phyc_W(mmol/m3)	chl_W(mg/m3)	phyc_S(mmol/m3)	chl_S(mg/m3)	phyc_N(mmol/m3)	chl_N(mg/m3)
2020-09-16	1.02	0.1432	0.0400	0.1674	0.0393	0.1499	0.0378	0.1483	0.0357	0.1741	0.0429
2020-09-16	3.17	0.1432	0.0400	0.1674	0.0393	0.1499	0.0378	0.1483	0.0357	0.1741	0.0429
2020-09-16	5.46	0.1432	0.0400	0.1674	0.0393	0.1499	0.0378	0.1483	0.0357	0.1741	0.0429
2020-09-16	7.92	0.1432	0.0400	0.1674	0.0393	0.1499	0.0378	0.1483	0.0357	0.1741	0.0429
2020-09-16	10.54	0.1432	0.0400	0.1674	0.0393	0.1499	0.0378	0.1483	0.0357	0.1741	0.0429
2020-09-16	13.32	0.1432	0.0400	0.1674	0.0393	0.1499	0.0378	0.1483	0.0357	0.1741	0.0429
2020-09-16	16.27	0.1432	0.0400	0.1674	0.0393	0.1499	0.0378	0.1483	0.0357	0.1741	0.0429
2020-09-16	19.40	0.1432	0.0400	0.1659	0.0396	0.1512	0.0389	0.1485	0.0359	0.1741	0.0429
2020-09-16	22.71	0.1432	0.0400	0.1581	0.0391	0.1578	0.0420	0.1500	0.0367	0.1741	0.0429
2020-09-16	26.20	0.1432	0.0400	0.1509	0.0372	0.1728	0.0457	0.1597	0.0395	0.1602	0.0431
2020-09-16	29.89	0.1444	0.0411	0.1525	0.0370	0.1942	0.0519	0.1781	0.0436	0.1478	0.0421
2020-09-16	33.77	0.1653	0.0530	0.1609	0.0394	0.2170	0.0590	0.1988	0.0487	0.1465	0.0413
2020-09-16	37.85	0.1845	0.0582	0.1751	0.0444	0.2452	0.0689	0.2237	0.0562	0.1525	0.0430
2020-09-16	42.15	0.2032	0.0633	0.1937	0.0518	0.2755	0.0806	0.2525	0.0663	0.1690	0.0485
2020-09-16	46.65	0.2288	0.0719	0.2156	0.0611	0.3058	0.0931	0.2845	0.0787	0.1978	0.0588
2020-09-16	51.38	0.2645	0.0844	0.2402	0.0715	0.3349	0.1051	0.3176	0.0922	0.2361	0.0726
2020-09-16	56.33	0.3115	0.1002	0.2694	0.0830	0.3665	0.1173	0.3496	0.1054	0.2794	0.0879
2020-09-16	61.52	0.3717	0.1204	0.3046	0.0961	0.4087	0.1322	0.3819	0.1184	0.3294	0.1055
2020-09-16	66.95	0.4491	0.1469	0.3480	0.1119	0.4801	0.1555	0.4214	0.1335	0.3897	0.1270
2020-09-16	72.62	0.5534	0.1831	0.4026	0.1319	0.5906	0.1906	0.4770	0.1540	0.4675	0.1552
2020-09-16	78.55	0.6925	0.2319	0.4711	0.1574	0.7453	0.2405	0.5593	0.1836	0.5706	0.1930
2020-09-16	84.74	0.8632	0.2930	0.5540	0.1892	0.9243	0.3024	0.6684	0.2227	0.7020	0.2422
2020-09-16	91.20	1.0387	0.3592	0.6533	0.2285	0.9956	0.3381	0.7974	0.2697	0.8562	0.3020
2020-09-16	97.93	1.1560	0.4136	0.7647	0.2751	0.7858	0.2850	0.9282	0.3198	0.9998	0.3635
2020-09-16	104.94	1.1526	0.4325	0.8918	0.3314	0.5960	0.2302	1.0318	0.3651	1.0707	0.4078
2020-09-16	112.25	0.9851	0.3940	0.9775	0.3809	0.2814	0.1208	1.0936	0.4004	1.0142	0.4102
2020-09-16	119.86	0.6405	0.2769	0.9693	0.4016	0.2101	0.0954	1.0788	0.4129	0.8466	0.3651
2020-09-16	127.77	0.4104	0.1926	0.8336	0.3706	0.1541	0.0738	1.0028	0.4040	0.5956	0.2738
2020-09-16	136.00	0.2982	0.1482	0.5687	0.2713	0.1354	0.0666	0.8307	0.3554	0.3768	0.1857
2020-09-16	144.55	0.2387	0.1224	0.3381	0.1748	0.1244	0.0621	0.5941	0.2709	0.2286	0.1216
2020-09-16	153.43	0.1997	0.1042	0.1840	0.1047	0.1176	0.0593	0.3932	0.1922	0.1376	0.0793
2020-09-16	162.66	0.1729	0.0908	0.0944	0.0605	0.1101	0.0561	0.2512	0.1323	0.0849	0.0529
2020-09-16	172.24	0.1467	0.0776	0.0462	0.0343	0.1035	0.0533	0.1596	0.0907	0.0554	0.0368
2020-09-16	182.18	0.1201	0.0636	0.0212	0.0189	0.1024	0.0528	0.1021	0.0625	0.0390	0.0272
2020-09-16	192.48	0.0926	0.0491	0.0091	0.0102	0.1015	0.0524	0.0665	0.0436	0.0298	0.0213
2020-09-16	203.17	0.0673	0.0359	0.0039	0.0055	0.1006	0.0520	0.0444	0.0308	0.0246	0.0178
2020-09-16	214.25	0.0433	0.0236	0.0020	0.0032	0.0996	0.0516	0.0303	0.0219	0.0214	0.0156
2020-09-16	225.72	0.0290	0.0162	0.0015	0.0022	0.0992	0.0514	0.0217	0.0162	0.0195	0.0142
2020-09-16	237.61	0.0189	0.0110	0.0014	0.0018	0.0987	0.0512	0.0159	0.0122	0.0177	0.0129
2020-09-16	249.92	0.0146	0.0088	0.0013	0.0014	0.0946	0.0494	0.0120	0.0093	0.0161	0.0117
2020-09-16	262.65	0.0134	0.0081	0.0014	0.0012	0.0913	0.0481	0.0093	0.0073	0.0144	0.0105
2020-09-16	275.83	0.0111	0.0069	0.0016	0.0013	0.0895	0.0473	0.0074	0.0058	0.0130	0.0095
2020-09-16	289.46	0.0085	0.0055	0.0019	0.0014	0.0880	0.0467	0.0061	0.0047	0.0116	0.0084
2020-09-16	303.56	0.0066	0.0044	0.0014	0.0010	0.0869	0.0462	0.0050	0.0038	0.0107	0.0078
2020-09-16	318.13	0.0049	0.0034	0.0007	0.0008	0.0861	0.0459	0.0041	0.0032	0.0093	0.0068
2020-09-16	333.19	0.0035	0.0026	0.0007	0.0008	0.0839	0.0449	0.0034	0.0026	0.0081	0.0059
2020-09-16	348.75	0.0023	0.0018	0.0006	0.0007	0.0823	0.0442	0.0027	0.0022	0.0068	0.0050
2020-09-16	364.82	0.0012	0.0012	0.0005	0.0005	0.0808	0.0435	0.0022	0.0018	0.0056	0.0041
2020-09-16	381.42	0.0004	0.0006	0.0003	0.0004	0.0784	0.0425	0.0017	0.0014	0.0045	0.0033
2020-09-16	398.54	0.0001	0.0003	0.0002	0.0003	0.0761	0.0413	0.0012	0.0011	0.0037	0.0026
2020-09-16	416.22	0.0000	0.0002	0.0002	0.0003	0.0741	0.0404	0.0008	0.0008	0.0030	0.0021
2020-09-16	434.46	0.0000	0.0001	0.0002	0.0002	0.0702	0.0383	0.0006	0.0005	0.0023	0.0016
2020-09-16	453.27	0.0000	0.0001	0.0001	0.0002	0.0660	0.0360	0.0004	0.0004	0.0016	0.0012
2020-09-16	472.67	0.0000	0.0002	0.0001	0.0002	0.0621	0.0339	0.0003	0.0003	0.0010	0.0008
2020-09-16	492.67	0.0001	0.0002	0.0001	0.0001	0.0527	0.0288	0.0002	0.0002	0.0006	0.0006
2020-09-16	513.29	0.0002	0.0002	0.0001	0.0001	0.0301	0.0169	0.0002	0.0002	0.0004	0.0004
2020-09-16	534.53	0.0002	0.0003	0.0001	0.0001	0.0226	0.0128	0.0001	0.0002	0.0003	0.0003
2020-09-16	556.41	0.0002	0.0003	0.0001	0.0001	0.0038	0.0028	0.0001	0.0001	0.0002	0.0002
2020-09-16	578.94	0.0002	0.0002	0.0000	0.0001	0.0029	0.0024	0.0001	0.0001	0.0002	0.0002
2020-09-16	602.15	0.0002	0.0002	0.0000	0.0001	0.0025	0.0020	0.0001	0.0001	0.0002	0.0002
2020-09-16	626.03	0.0002	0.0002	0.0000	0.0000	0.0020	0.0016	0.0001	0.0001	0.0002	0.0002
2020-09-16	650.62	0.0001	0.0001	0.0000	0.0000	0.0015	0.0012	0.0001	0.0001	0.0001	0.0001
2020-09-16	675.91	0.0001	0.0001	0.0000	0.0000	0.0011	0.0010	0.0001	0.0001	0.0001	0.0001
2020-09-16	701.93	0.0001	0.0001	0.0000	0.0000	0.0009	0.0008	0.0001	0.0001	0.0001	0.0001
2020-09-16	728.69	0.0001	0.0001	0.0000	0.0000	0.0007	0.0007	0.0001	0.0001	0.0001	0.0001
2020-09-16	756.20	0.0000	0.0001	0.0000	0.0000	0.0006	0.0006	0.0001	0.0001	0.0001	0.0001
2020-09-16	784.47	0.0000	0.0000	0.0000	0.0000	0.0005	0.0005	0.0001	0.0001	0.0001	0.0001
2020-09-16	813.53	0.0000	0.0000	0.0000	0.0000	0.0004	0.0004	0.0000	0.0001	0.0001	0.0001
2020-09-16	843.39	0.0000	0.0000	0.0000	0.0000	0.0003	0.0003	0.0000	0.0000	0.0000	0.0001
2020-09-16	874.06	0.0000	0.0000	0.0000	0.0000	0.0003	0.0002	0.0000	0.0000	0.0000	0.0000
2020-09-16	905.55	0.0000	0.0000	0.0000	0.0000	0.0002	0.0002	0.0000	0.0000	0.0000	0.0000
2020-09-16	937.89	0.0000	0.0000	0.0000	0.0000	0.0002	0.0002	0.0000	0.0000	0.0000	0.0000
2020-09-16	971.08	0.0000	0.0000	0.0000	0.0000	0.0001	0.0001	0.0000	0.0000	0.0000	0.0000
2020-09-16	1005.14	0.0000	0.0000	0.0000	0.0000	0.0001	0.0001	0.0000	0.0000	0.0000	0.0000
2020-09-16	1040.08	0.0000	0.0000	0.0000	0.0000	0.0001	0.0001	0.0000	0.0000	0.0000	0.0000
2020-09-16	1075.91	0.0000	0.0000	0.0000	0.0000	0.0001	0.0001	0.0000	0.0000	0.0000	0.0000
2020-09-16	1112.66	0.0000	0.0000	0.0000	0.0000	0.0000	0.0000	0.0000	0.0000	0.0000	0.0000
2020-09-16	1150.34	0.0000	0.0000	0.0000	0.0000	0.0000	0.0000	0.0000	0.0000	0.0000	0.0000
2020-09-16	1188.95	0.0000	0.0000	0.0000	0.0000	0.0000	0.0000	0.0000	0.0000	0.0000	0.0000
2020-09-16	1228.52	0.0000	0.0000	0.0000	0.0000	0.0000	0.0000	0.0000	0.0000	0.0000	0.0000
2020-09-16	1269.05	0.0000	0.0000	0.0000	0.0000	0.0000	0.0000	0.0000	0.0000	0.0000	0.0000
2020-09-16	1310.56	0.0000	0.0000	0.0000	0.0000	0.0000	0.0000	0.0000	0.0000	0.0000	0.0000
2020-09-16	1353.07	0.0000	0.0000	0.0000	0.0000	0.0000	0.0000	0.0000	0.0000	0.0000	0.0000
2020-09-16	1396.58	0.0000	0.0000	0.0000	0.0000	0.0000	0.0000	0.0000	0.0000	0.0000	0.0000
2020-09-16	1441.11	0.0000	0.0000	0.0000	0.0000	0.0000	0.0000	0.0000	0.0000	0.0000	0.0000
2020-09-16	1486.67	0.0000	0.0000	0.0000	0.0000	0.0000	0.0000	0.0000	0.0000	0.0000	0.0000
2020-09-16	1533.27	0.0000	0.0000	0.0000	0.0000	0.0000	0.0000	0.0000	0.0000	0.0000	0.0000
2020-09-16	1580.93	0.0000	0.0000	0.0000	0.0000	0.0000	0.0000	0.0000	0.0000	0.0000	0.0000
2020-09-16	1629.65	0.0000	0.0000	0.0000	0.0000	0.0000	0.0000	0.0000	0.0000	0.0000	0.0000
2020-09-16	1679.44	0.0000	0.0000	0.0000	0.0000	0.0000	0.0000	0.0000	0.0000	0.0000	0.0000
2020-09-16	1730.33	0.0000	0.0000	0.0000	0.0000	0.0000	0.0000	0.0000	0.0000	0.0000	0.0000
2020-09-16	1782.31	0.0000	0.0000	0.0000	0.0000	0.0000	0.0000	0.0000	0.0000	0.0000	0.0000
2020-09-16	1835.40	0.0000	0.0000	0.0000	0.0000	0.0000	0.0000	0.0000	0.0000	0.0000	0.0000
2020-09-16	1889.61	0.0000	0.0000	0.0000	0.0000	0.0000	0.0000	0.0000	0.0000	0.0000	0.0000
2020-09-16	1944.95	0.0000	0.0000	0.0000	0.0000	0.0000	0.0000	0.0000	0.0000	0.0000	0.0000
2020-09-16	2001.42	0.0000	0.0000	0.0000	0.0000	0.0000	0.0000	0.0000	0.0000	0.0000	0.0000
2020-09-16	2059.03	0.0000	0.0000	0.0000	0.0000	0.0000	0.0000	0.0000	0.0000	0.0000	0.0000
2020-09-16	2117.79	0.0000	0.0000	0.0000	0.0000	0.0000	0.0000	0.0000	0.0000	0.0000	0.0000
2020-09-16	2177.71	0.0000	0.0000	0.0000	0.0000	0.0000	0.0000	0.0000	0.0000	0.0000	0.0000
2020-09-16	2238.80	0.0000	0.0000	0.0000	0.0000	0.0000	0.0000	0.0000	0.0000	0.0000	0.0000
2020-09-16	2301.06	0.0000	0.0000	0.0000	0.0000	0.0000	0.0000	0.0000	0.0000	0.0000	0.0000
2020-09-16	2364.49	0.0000	0.0000	0.0000	0.0000	0.0000	0.0000	0.0000	0.0000	0.0000	0.0000
2020-09-16	2429.11	0.0000	0.0000	0.0000	0.0000	0.0000	0.0000	0.0000	0.0000	0.0000	0.0000
2020-09-16	2494.91	0.0000	0.0000	0.0000	0.0000	0.0000	0.0000	0.0000	0.0000	0.0000	0.0000
2020-09-16	2561.90	0.0000	0.0000	0.0000	0.0000	0.0000	0.0000	0.0000	0.0000	0.0000	0.0000
2020-09-16	2630.09	0.0000	0.0000	0.0000	0.0000	0.0000	0.0000	0.0000	0.0000	0.0000	0.0000
2020-09-16	2699.47	0.0000	0.0000	0.0000	0.0000	0.0000	0.0000	0.0000	0.0000	0.0000	0.0000
2020-09-16	2770.06	0.0000	0.0000	0.0000	0.0000	0.0000	0.0000	0.0000	0.0000	0.0000	0.0000
2020-09-17	1.02	0.1453	0.0428	0.1669	0.0410	0.1537	0.0407	0.1486	0.0382	0.1781	0.0454
2020-09-17	3.17	0.1453	0.0428	0.1669	0.0410	0.1537	0.0407	0.1486	0.0382	0.1781	0.0454
2020-09-17	5.46	0.1453	0.0428	0.1669	0.0410	0.1537	0.0407	0.1486	0.0382	0.1781	0.0454
2020-09-17	7.92	0.1453	0.0428	0.1669	0.0410	0.1537	0.0407	0.1486	0.0382	0.1781	0.0454
2020-09-17	10.54	0.1453	0.0428	0.1669	0.0410	0.1537	0.0407	0.1486	0.0382	0.1781	0.0454
2020-09-17	13.32	0.1453	0.0428	0.1669	0.0410	0.1537	0.0407	0.1486	0.0382	0.1781	0.0454
2020-09-17	16.27	0.1453	0.0428	0.1669	0.0410	0.1537	0.0407	0.1486	0.0382	0.1781	0.0454
2020-09-17	19.40	0.1453	0.0428	0.1649	0.0409	0.1596	0.0426	0.1487	0.0382	0.1779	0.0454
2020-09-17	22.71	0.1453	0.0428	0.1574	0.0400	0.1721	0.0467	0.1595	0.0408	0.1774	0.0455
2020-09-17	26.20	0.1453	0.0428	0.1496	0.0385	0.1939	0.0531	0.1838	0.0472	0.1707	0.0452
2020-09-17	29.89	0.1453	0.0428	0.1563	0.0399	0.2201	0.0615	0.2134	0.0554	0.1455	0.0430
2020-09-17	33.77	0.1771	0.0588	0.1694	0.0443	0.2463	0.0707	0.2376	0.0630	0.1414	0.0411
2020-09-17	37.85	0.1963	0.0635	0.1863	0.0507	0.2757	0.0821	0.2646	0.0726	0.1470	0.0427
2020-09-17	42.15	0.2187	0.0704	0.2063	0.0588	0.3050	0.0939	0.2916	0.0832	0.1645	0.0487
2020-09-17	46.65	0.2520	0.0819	0.2289	0.0683	0.3338	0.1057	0.3207	0.0949	0.1932	0.0589
2020-09-17	51.38	0.2948	0.0964	0.2547	0.0788	0.3632	0.1172	0.3519	0.1073	0.2305	0.0723
2020-09-17	56.33	0.3474	0.1139	0.2854	0.0906	0.3995	0.1304	0.3847	0.1203	0.2748	0.0880
2020-09-17	61.52	0.4128	0.1363	0.3229	0.1046	0.4538	0.1487	0.4208	0.1342	0.3259	0.1061
2020-09-17	66.95	0.4979	0.1661	0.3697	0.1221	0.5383	0.1764	0.4637	0.1504	0.3866	0.1280
2020-09-17	72.62	0.6110	0.2066	0.4288	0.1443	0.6555	0.2151	0.5201	0.1711	0.4649	0.1566
2020-09-17	78.55	0.7558	0.2594	0.5016	0.1722	0.8013	0.2651	0.5986	0.1995	0.5678	0.1949
2020-09-17	84.74	0.9273	0.3240	0.5874	0.2062	0.9347	0.3159	0.6985	0.2358	0.6957	0.2441
2020-09-17	91.20	1.0445	0.3768	0.6845	0.2462	0.9991	0.3503	0.8100	0.2778	0.8383	0.3023
2020-09-17	97.93	1.0004	0.3794	0.7848	0.2913	0.9812	0.3605	0.9159	0.3215	0.9588	0.3593
2020-09-17	104.94	0.8157	0.3295	0.8738	0.3370	0.8650	0.3352	0.9874	0.3591	1.0007	0.3959
2020-09-17	112.25	0.6938	0.2952	0.9030	0.3662	0.6818	0.2804	1.0096	0.3833	0.9156	0.3874
2020-09-17	119.86	0.5187	0.2337	0.8465	0.3649	0.4995	0.2182	0.9609	0.3839	0.7257	0.3299
2020-09-17	127.77	0.3750	0.1781	0.6924	0.3201	0.3294	0.1534	0.8433	0.3573	0.4896	0.2388
2020-09-17	136.00	0.2818	0.1389	0.4668	0.2310	0.2245	0.1115	0.6529	0.2952	0.3011	0.1585
2020-09-17	144.55	0.2256	0.1138	0.2870	0.1536	0.1651	0.0865	0.4462	0.2155	0.1801	0.1030
2020-09-17	153.43	0.1864	0.0953	0.1635	0.0958	0.1232	0.0681	0.2852	0.1481	0.1078	0.0669
2020-09-17	162.66	0.1574	0.0810	0.0893	0.0581	0.0860	0.0506	0.1759	0.0986	0.0666	0.0445
2020-09-17	172.24	0.1328	0.0686	0.0481	0.0351	0.0658	0.0404	0.1050	0.0637	0.0437	0.0309
2020-09-17	182.18	0.1116	0.0576	0.0263	0.0214	0.0584	0.0364	0.0687	0.0445	0.0310	0.0228
2020-09-17	192.48	0.0923	0.0475	0.0152	0.0134	0.0554	0.0347	0.0422	0.0291	0.0241	0.0180
2020-09-17	203.17	0.0781	0.0399	0.0102	0.0090	0.0521	0.0327	0.0313	0.0224	0.0200	0.0151
2020-09-17	214.25	0.0524	0.0270	0.0083	0.0069	0.0497	0.0312	0.0248	0.0181	0.0176	0.0133
2020-09-17	225.72	0.0386	0.0200	0.0079	0.0060	0.0490	0.0308	0.0210	0.0154	0.0162	0.0122
2020-09-17	237.61	0.0263	0.0138	0.0076	0.0054	0.0485	0.0305	0.0181	0.0133	0.0149	0.0112
2020-09-17	249.92	0.0190	0.0103	0.0075	0.0050	0.0466	0.0293	0.0145	0.0107	0.0137	0.0103
2020-09-17	262.65	0.0161	0.0088	0.0078	0.0049	0.0442	0.0279	0.0126	0.0092	0.0125	0.0094
2020-09-17	275.83	0.0122	0.0070	0.0087	0.0053	0.0439	0.0277	0.0104	0.0076	0.0115	0.0086
2020-09-17	289.46	0.0062	0.0040	0.0098	0.0057	0.0438	0.0276	0.0090	0.0065	0.0105	0.0078
2020-09-17	303.56	0.0044	0.0030	0.0082	0.0047	0.0439	0.0276	0.0071	0.0053	0.0096	0.0072
2020-09-17	318.13	0.0029	0.0021	0.0039	0.0026	0.0438	0.0276	0.0067	0.0049	0.0086	0.0064
2020-09-17	333.19	0.0020	0.0015	0.0019	0.0015	0.0428	0.0270	0.0042	0.0032	0.0075	0.0056
2020-09-17	348.75	0.0012	0.0010	0.0010	0.0009	0.0424	0.0268	0.0035	0.0027	0.0063	0.0047
2020-09-17	364.82	0.0007	0.0007	0.0006	0.0006	0.0418	0.0264	0.0028	0.0022	0.0052	0.0039
2020-09-17	381.42	0.0003	0.0004	0.0004	0.0004	0.0405	0.0257	0.0022	0.0018	0.0043	0.0031
2020-09-17	398.54	0.0002	0.0002	0.0003	0.0003	0.0388	0.0247	0.0015	0.0013	0.0036	0.0026
2020-09-17	416.22	0.0001	0.0002	0.0002	0.0003	0.0375	0.0237	0.0010	0.0009	0.0031	0.0022
2020-09-17	434.46	0.0001	0.0001	0.0002	0.0002	0.0333	0.0211	0.0006	0.0006	0.0026	0.0017
2020-09-17	453.27	0.0001	0.0001	0.0001	0.0002	0.0286	0.0183	0.0004	0.0004	0.0019	0.0013
2020-09-17	472.67	0.0001	0.0001	0.0001	0.0002	0.0228	0.0148	0.0003	0.0003	0.0013	0.0009
2020-09-17	492.67	0.0001	0.0002	0.0001	0.0001	0.0178	0.0116	0.0002	0.0002	0.0008	0.0006
2020-09-17	513.29	0.0001	0.0002	0.0001	0.0001	0.0115	0.0078	0.0002	0.0002	0.0005	0.0004
2020-09-17	534.53	0.0002	0.0002	0.0001	0.0001	0.0073	0.0051	0.0001	0.0002	0.0003	0.0003
2020-09-17	556.41	0.0002	0.0002	0.0000	0.0001	0.0035	0.0027	0.0001	0.0002	0.0002	0.0002
2020-09-17	578.94	0.0002	0.0002	0.0000	0.0001	0.0023	0.0020	0.0001	0.0001	0.0002	0.0002
2020-09-17	602.15	0.0002	0.0002	0.0000	0.0001	0.0018	0.0016	0.0001	0.0001	0.0002	0.0002
2020-09-17	626.03	0.0001	0.0001	0.0000	0.0000	0.0015	0.0013	0.0001	0.0001	0.0001	0.0002
2020-09-17	650.62	0.0001	0.0001	0.0000	0.0000	0.0012	0.0010	0.0001	0.0001	0.0001	0.0001
2020-09-17	675.91	0.0001	0.0001	0.0000	0.0000	0.0010	0.0009	0.0001	0.0001	0.0001	0.0001
2020-09-17	701.93	0.0001	0.0001	0.0000	0.0000	0.0008	0.0007	0.0001	0.0001	0.0001	0.0001
2020-09-17	728.69	0.0001	0.0001	0.0000	0.0000	0.0007	0.0006	0.0001	0.0001	0.0001	0.0001
2020-09-17	756.20	0.0000	0.0001	0.0000	0.0000	0.0006	0.0005	0.0001	0.0001	0.0001	0.0001
2020-09-17	784.47	0.0000	0.0000	0.0000	0.0000	0.0005	0.0004	0.0001	0.0001	0.0001	0.0001
2020-09-17	813.53	0.0000	0.0000	0.0000	0.0000	0.0004	0.0004	0.0000	0.0001	0.0001	0.0001
2020-09-17	843.39	0.0000	0.0000	0.0000	0.0000	0.0003	0.0003	0.0000	0.0000	0.0000	0.0000
2020-09-17	874.06	0.0000	0.0000	0.0000	0.0000	0.0003	0.0002	0.0000	0.0000	0.0000	0.0000
2020-09-17	905.55	0.0000	0.0000	0.0000	0.0000	0.0002	0.0002	0.0000	0.0000	0.0000	0.0000
2020-09-17	937.89	0.0000	0.0000	0.0000	0.0000	0.0002	0.0002	0.0000	0.0000	0.0000	0.0000
2020-09-17	971.08	0.0000	0.0000	0.0000	0.0000	0.0001	0.0001	0.0000	0.0000	0.0000	0.0000
2020-09-17	1005.14	0.0000	0.0000	0.0000	0.0000	0.0001	0.0001	0.0000	0.0000	0.0000	0.0000
2020-09-17	1040.08	0.0000	0.0000	0.0000	0.0000	0.0001	0.0001	0.0000	0.0000	0.0000	0.0000
2020-09-17	1075.91	0.0000	0.0000	0.0000	0.0000	0.0001	0.0001	0.0000	0.0000	0.0000	0.0000
2020-09-17	1112.66	0.0000	0.0000	0.0000	0.0000	0.0000	0.0001	0.0000	0.0000	0.0000	0.0000
2020-09-17	1150.34	0.0000	0.0000	0.0000	0.0000	0.0000	0.0000	0.0000	0.0000	0.0000	0.0000
2020-09-17	1188.95	0.0000	0.0000	0.0000	0.0000	0.0000	0.0000	0.0000	0.0000	0.0000	0.0000
2020-09-17	1228.52	0.0000	0.0000	0.0000	0.0000	0.0000	0.0000	0.0000	0.0000	0.0000	0.0000
2020-09-17	1269.05	0.0000	0.0000	0.0000	0.0000	0.0000	0.0000	0.0000	0.0000	0.0000	0.0000
2020-09-17	1310.56	0.0000	0.0000	0.0000	0.0000	0.0000	0.0000	0.0000	0.0000	0.0000	0.0000
2020-09-17	1353.07	0.0000	0.0000	0.0000	0.0000	0.0000	0.0000	0.0000	0.0000	0.0000	0.0000
2020-09-17	1396.58	0.0000	0.0000	0.0000	0.0000	0.0000	0.0000	0.0000	0.0000	0.0000	0.0000
2020-09-17	1441.11	0.0000	0.0000	0.0000	0.0000	0.0000	0.0000	0.0000	0.0000	0.0000	0.0000
2020-09-17	1486.67	0.0000	0.0000	0.0000	0.0000	0.0000	0.0000	0.0000	0.0000	0.0000	0.0000
2020-09-17	1533.27	0.0000	0.0000	0.0000	0.0000	0.0000	0.0000	0.0000	0.0000	0.0000	0.0000
2020-09-17	1580.93	0.0000	0.0000	0.0000	0.0000	0.0000	0.0000	0.0000	0.0000	0.0000	0.0000
2020-09-17	1629.65	0.0000	0.0000	0.0000	0.0000	0.0000	0.0000	0.0000	0.0000	0.0000	0.0000
2020-09-17	1679.44	0.0000	0.0000	0.0000	0.0000	0.0000	0.0000	0.0000	0.0000	0.0000	0.0000
2020-09-17	1730.33	0.0000	0.0000	0.0000	0.0000	0.0000	0.0000	0.0000	0.0000	0.0000	0.0000
2020-09-17	1782.31	0.0000	0.0000	0.0000	0.0000	0.0000	0.0000	0.0000	0.0000	0.0000	0.0000
2020-09-17	1835.40	0.0000	0.0000	0.0000	0.0000	0.0000	0.0000	0.0000	0.0000	0.0000	0.0000
2020-09-17	1889.61	0.0000	0.0000	0.0000	0.0000	0.0000	0.0000	0.0000	0.0000	0.0000	0.0000
2020-09-17	1944.95	0.0000	0.0000	0.0000	0.0000	0.0000	0.0000	0.0000	0.0000	0.0000	0.0000
2020-09-17	2001.42	0.0000	0.0000	0.0000	0.0000	0.0000	0.0000	0.0000	0.0000	0.0000	0.0000
2020-09-17	2059.03	0.0000	0.0000	0.0000	0.0000	0.0000	0.0000	0.0000	0.0000	0.0000	0.0000
2020-09-17	2117.79	0.0000	0.0000	0.0000	0.0000	0.0000	0.0000	0.0000	0.0000	0.0000	0.0000
2020-09-17	2177.71	0.0000	0.0000	0.0000	0.0000	0.0000	0.0000	0.0000	0.0000	0.0000	0.0000
2020-09-17	2238.80	0.0000	0.0000	0.0000	0.0000	0.0000	0.0000	0.0000	0.0000	0.0000	0.0000
2020-09-17	2301.06	0.0000	0.0000	0.0000	0.0000	0.0000	0.0000	0.0000	0.0000	0.0000	0.0000
2020-09-17	2364.49	0.0000	0.0000	0.0000	0.0000	0.0000	0.0000	0.0000	0.0000	0.0000	0.0000
2020-09-17	2429.11	0.0000	0.0000	0.0000	0.0000	0.0000	0.0000	0.0000	0.0000	0.0000	0.0000
2020-09-17	2494.91	0.0000	0.0000	0.0000	0.0000	0.0000	0.0000	0.0000	0.0000	0.0000	0.0000
2020-09-17	2561.90	0.0000	0.0000	0.0000	0.0000	0.0000	0.0000	0.0000	0.0000	0.0000	0.0000
2020-09-17	2630.09	0.0000	0.0000	0.0000	0.0000	0.0000	0.0000	0.0000	0.0000	0.0000	0.0000
2020-09-17	2699.47	0.0000	0.0000	0.0000	0.0000	0.0000	0.0000	0.0000	0.0000	0.0000	0.0000
2020-09-17	2770.06	0.0000	0.0000	0.0000	0.0000	0.0000	0.0000	0.0000	0.0000	0.0000	0.0000
2020-09-18	1.02	0.1486	0.0442	0.1677	0.0428	0.1573	0.0432	0.1501	0.0413	0.1738	0.0466
2020-09-18	3.17	0.1486	0.0442	0.1677	0.0428	0.1573	0.0432	0.1501	0.0413	0.1738	0.0466
2020-09-18	5.46	0.1486	0.0442	0.1677	0.0428	0.1573	0.0432	0.1501	0.0413	0.1738	0.0466
2020-09-18	7.92	0.1486	0.0442	0.1677	0.0428	0.1573	0.0432	0.1501	0.0413	0.1738	0.0466
2020-09-18	10.54	0.1486	0.0442	0.1677	0.0428	0.1573	0.0432	0.1501	0.0413	0.1738	0.0466
2020-09-18	13.32	0.1486	0.0442	0.1676	0.0428	0.1573	0.0432	0.1501	0.0413	0.1738	0.0466
2020-09-18	16.27	0.1486	0.0442	0.1676	0.0428	0.1573	0.0432	0.1501	0.0413	0.1738	0.0466
2020-09-18	19.40	0.1486	0.0442	0.1664	0.0426	0.1599	0.0440	0.1501	0.0413	0.1736	0.0466
2020-09-18	22.71	0.1485	0.0442	0.1570	0.0415	0.1700	0.0472	0.1715	0.0463	0.1724	0.0465
2020-09-18	26.20	0.1482	0.0443	0.1558	0.0421	0.1927	0.0544	0.2099	0.0563	0.1677	0.0462
2020-09-18	29.89	0.1447	0.0431	0.1738	0.0474	0.2206	0.0639	0.2471	0.0675	0.1481	0.0446
2020-09-18	33.77	0.1767	0.0584	0.1919	0.0544	0.2471	0.0736	0.2776	0.0780	0.1415	0.0426
2020-09-18	37.85	0.2012	0.0659	0.2114	0.0623	0.2734	0.0840	0.3098	0.0901	0.1465	0.0440
2020-09-18	42.15	0.2293	0.0747	0.2331	0.0712	0.2996	0.0943	0.3404	0.1023	0.1639	0.0500
2020-09-18	46.65	0.2629	0.0860	0.2578	0.0812	0.3263	0.1046	0.3721	0.1148	0.1923	0.0600
2020-09-18	51.38	0.3036	0.0997	0.2871	0.0925	0.3593	0.1164	0.4046	0.1276	0.2300	0.0735
2020-09-18	56.33	0.3553	0.1171	0.3223	0.1059	0.4072	0.1322	0.4401	0.1414	0.2750	0.0894
2020-09-18	61.52	0.4237	0.1408	0.3654	0.1223	0.4762	0.1546	0.4832	0.1576	0.3265	0.1078
2020-09-18	66.95	0.5152	0.1732	0.4193	0.1431	0.5421	0.1778	0.5344	0.1766	0.3884	0.1304
2020-09-18	72.62	0.6273	0.2140	0.4858	0.1692	0.6246	0.2073	0.5964	0.1992	0.4685	0.1600
2020-09-18	78.55	0.8035	0.2781	0.5650	0.2010	0.7059	0.2386	0.6712	0.2263	0.5708	0.1987
2020-09-18	84.74	0.9862	0.3508	0.6536	0.2380	0.7732	0.2687	0.7542	0.2574	0.6915	0.2467
2020-09-18	91.20	0.8833	0.3310	0.7436	0.2787	0.7561	0.2741	0.8355	0.2904	0.8155	0.3007
2020-09-18	97.93	0.5940	0.2399	0.8195	0.3187	0.6987	0.2657	0.8929	0.3195	0.9058	0.3504
2020-09-18	104.94	0.2599	0.1197	0.8447	0.3447	0.6374	0.2538	0.9149	0.3407	0.9172	0.3774
2020-09-18	112.25	0.2526	0.1169	0.7910	0.3421	0.5490	0.2289	0.9031	0.3515	0.8069	0.3585
2020-09-18	119.86	0.2457	0.1141	0.6625	0.3062	0.3947	0.1754	0.8461	0.3466	0.5992	0.2890
2020-09-18	127.77	0.2383	0.1111	0.4859	0.2405	0.2775	0.1310	0.7209	0.3141	0.3822	0.1998
2020-09-18	136.00	0.2308	0.1078	0.3154	0.1664	0.2118	0.1048	0.5106	0.2388	0.2258	0.1287
2020-09-18	144.55	0.2233	0.1045	0.2002	0.1134	0.1572	0.0811	0.3059	0.1531	0.1318	0.0821
2020-09-18	153.43	0.2160	0.1012	0.1239	0.0753	0.1201	0.0648	0.1956	0.1047	0.0778	0.0527
2020-09-18	162.66	0.2092	0.0981	0.0770	0.0501	0.0952	0.0529	0.1119	0.0642	0.0477	0.0347
2020-09-18	172.24	0.2027	0.0950	0.0489	0.0338	0.0826	0.0465	0.0590	0.0363	0.0312	0.0239
2020-09-18	182.18	0.1966	0.0922	0.0323	0.0233	0.0726	0.0410	0.0430	0.0276	0.0221	0.0175
2020-09-18	192.48	0.1918	0.0899	0.0228	0.0166	0.0703	0.0397	0.0329	0.0213	0.0174	0.0139
2020-09-18	203.17	0.1888	0.0884	0.0179	0.0129	0.0674	0.0380	0.0310	0.0200	0.0147	0.0117
2020-09-18	214.25	0.1541	0.0717	0.0155	0.0108	0.0649	0.0365	0.0307	0.0197	0.0131	0.0104
2020-09-18	225.72	0.1290	0.0596	0.0142	0.0096	0.0643	0.0360	0.0307	0.0197	0.0123	0.0098
2020-09-18	237.61	0.1157	0.0533	0.0133	0.0087	0.0639	0.0358	0.0306	0.0197	0.0114	0.0090
2020-09-18	249.92	0.1020	0.0469	0.0131	0.0082	0.0632	0.0354	0.0300	0.0191	0.0105	0.0083
2020-09-18	262.65	0.0969	0.0445	0.0142	0.0086	0.0605	0.0338	0.0298	0.0189	0.0095	0.0075
2020-09-18	275.83	0.0939	0.0431	0.0170	0.0099	0.0596	0.0332	0.0286	0.0180	0.0090	0.0070
2020-09-18	289.46	0.0598	0.0276	0.0173	0.0099	0.0593	0.0331	0.0284	0.0179	0.0083	0.0064
2020-09-18	303.56	0.0426	0.0197	0.0117	0.0068	0.0593	0.0330	0.0261	0.0164	0.0076	0.0059
2020-09-18	318.13	0.0335	0.0154	0.0051	0.0033	0.0591	0.0329	0.0262	0.0164	0.0070	0.0054
2020-09-18	333.19	0.0287	0.0132	0.0022	0.0017	0.0584	0.0326	0.0181	0.0112	0.0063	0.0048
2020-09-18	348.75	0.0179	0.0084	0.0010	0.0009	0.0568	0.0318	0.0142	0.0088	0.0053	0.0041
2020-09-18	364.82	0.0091	0.0043	0.0006	0.0006	0.0553	0.0310	0.0089	0.0056	0.0044	0.0034
2020-09-18	381.42	0.0055	0.0026	0.0004	0.0004	0.0504	0.0285	0.0074	0.0046	0.0036	0.0027
2020-09-18	398.54	0.0046	0.0022	0.0003	0.0003	0.0473	0.0269	0.0061	0.0038	0.0032	0.0023
2020-09-18	416.22	0.0018	0.0009	0.0002	0.0003	0.0435	0.0250	0.0056	0.0034	0.0030	0.0020
2020-09-18	434.46	0.0004	0.0002	0.0002	0.0002	0.0422	0.0239	0.0035	0.0021	0.0027	0.0017
2020-09-18	453.27	0.0001	0.0001	0.0001	0.0002	0.0373	0.0213	0.0025	0.0015	0.0022	0.0014
2020-09-18	472.67	0.0000	0.0000	0.0001	0.0002	0.0301	0.0174	0.0012	0.0007	0.0016	0.0011
2020-09-18	492.67	0.0000	0.0000	0.0001	0.0001	0.0195	0.0119	0.0011	0.0006	0.0011	0.0008
2020-09-18	513.29	0.0001	0.0001	0.0001	0.0001	0.0107	0.0071	0.0010	0.0006	0.0007	0.0006
2020-09-18	534.53	0.0001	0.0001	0.0001	0.0001	0.0055	0.0041	0.0001	0.0001	0.0005	0.0004
2020-09-18	556.41	0.0001	0.0001	0.0000	0.0001	0.0028	0.0023	0.0000	0.0000	0.0003	0.0003
2020-09-18	578.94	0.0001	0.0001	0.0000	0.0001	0.0017	0.0015	0.0000	0.0000	0.0002	0.0002
2020-09-18	602.15	0.0001	0.0001	0.0000	0.0000	0.0010	0.0010	0.0000	0.0001	0.0002	0.0002
2020-09-18	626.03	0.0001	0.0001	0.0000	0.0000	0.0007	0.0008	0.0000	0.0001	0.0002	0.0002
2020-09-18	650.62	0.0001	0.0001	0.0000	0.0000	0.0006	0.0006	0.0001	0.0001	0.0001	0.0001
2020-09-18	675.91	0.0001	0.0001	0.0000	0.0000	0.0006	0.0006	0.0001	0.0001	0.0001	0.0001
2020-09-18	701.93	0.0001	0.0001	0.0000	0.0000	0.0006	0.0006	0.0001	0.0001	0.0001	0.0001
2020-09-18	728.69	0.0000	0.0001	0.0000	0.0000	0.0005	0.0005	0.0001	0.0001	0.0001	0.0001
2020-09-18	756.20	0.0000	0.0000	0.0000	0.0000	0.0005	0.0004	0.0001	0.0001	0.0001	0.0001
2020-09-18	784.47	0.0000	0.0000	0.0000	0.0000	0.0004	0.0004	0.0001	0.0001	0.0001	0.0001
2020-09-18	813.53	0.0000	0.0000	0.0000	0.0000	0.0003	0.0003	0.0000	0.0001	0.0001	0.0001
2020-09-18	843.39	0.0000	0.0000	0.0000	0.0000	0.0003	0.0003	0.0000	0.0000	0.0000	0.0000
2020-09-18	874.06	0.0000	0.0000	0.0000	0.0000	0.0002	0.0002	0.0000	0.0000	0.0000	0.0000
2020-09-18	905.55	0.0000	0.0000	0.0000	0.0000	0.0002	0.0002	0.0000	0.0000	0.0000	0.0000
2020-09-18	937.89	0.0000	0.0000	0.0000	0.0000	0.0001	0.0002	0.0000	0.0000	0.0000	0.0000
2020-09-18	971.08	0.0000	0.0000	0.0000	0.0000	0.0001	0.0001	0.0000	0.0000	0.0000	0.0000
2020-09-18	1005.14	0.0000	0.0000	0.0000	0.0000	0.0001	0.0001	0.0000	0.0000	0.0000	0.0000
2020-09-18	1040.08	0.0000	0.0000	0.0000	0.0000	0.0001	0.0001	0.0000	0.0000	0.0000	0.0000
2020-09-18	1075.91	0.0000	0.0000	0.0000	0.0000	0.0001	0.0001	0.0000	0.0000	0.0000	0.0000
2020-09-18	1112.66	0.0000	0.0000	0.0000	0.0000	0.0000	0.0001	0.0000	0.0000	0.0000	0.0000
2020-09-18	1150.34	0.0000	0.0000	0.0000	0.0000	0.0000	0.0000	0.0000	0.0000	0.0000	0.0000
2020-09-18	1188.95	0.0000	0.0000	0.0000	0.0000	0.0000	0.0000	0.0000	0.0000	0.0000	0.0000
2020-09-18	1228.52	0.0000	0.0000	0.0000	0.0000	0.0000	0.0000	0.0000	0.0000	0.0000	0.0000
2020-09-18	1269.05	0.0000	0.0000	0.0000	0.0000	0.0000	0.0000	0.0000	0.0000	0.0000	0.0000
2020-09-18	1310.56	0.0000	0.0000	0.0000	0.0000	0.0000	0.0000	0.0000	0.0000	0.0000	0.0000
2020-09-18	1353.07	0.0000	0.0000	0.0000	0.0000	0.0000	0.0000	0.0000	0.0000	0.0000	0.0000
2020-09-18	1396.58	0.0000	0.0000	0.0000	0.0000	0.0000	0.0000	0.0000	0.0000	0.0000	0.0000
2020-09-18	1441.11	0.0000	0.0000	0.0000	0.0000	0.0000	0.0000	0.0000	0.0000	0.0000	0.0000
2020-09-18	1486.67	0.0000	0.0000	0.0000	0.0000	0.0000	0.0000	0.0000	0.0000	0.0000	0.0000
2020-09-18	1533.27	0.0000	0.0000	0.0000	0.0000	0.0000	0.0000	0.0000	0.0000	0.0000	0.0000
2020-09-18	1580.93	0.0000	0.0000	0.0000	0.0000	0.0000	0.0000	0.0000	0.0000	0.0000	0.0000
2020-09-18	1629.65	0.0000	0.0000	0.0000	0.0000	0.0000	0.0000	0.0000	0.0000	0.0000	0.0000
2020-09-18	1679.44	0.0000	0.0000	0.0000	0.0000	0.0000	0.0000	0.0000	0.0000	0.0000	0.0000
2020-09-18	1730.33	0.0000	0.0000	0.0000	0.0000	0.0000	0.0000	0.0000	0.0000	0.0000	0.0000
2020-09-18	1782.31	0.0000	0.0000	0.0000	0.0000	0.0000	0.0000	0.0000	0.0000	0.0000	0.0000
2020-09-18	1835.40	0.0000	0.0000	0.0000	0.0000	0.0000	0.0000	0.0000	0.0000	0.0000	0.0000
2020-09-18	1889.61	0.0000	0.0000	0.0000	0.0000	0.0000	0.0000	0.0000	0.0000	0.0000	0.0000
2020-09-18	1944.95	0.0000	0.0000	0.0000	0.0000	0.0000	0.0000	0.0000	0.0000	0.0000	0.0000
2020-09-18	2001.42	0.0000	0.0000	0.0000	0.0000	0.0000	0.0000	0.0000	0.0000	0.0000	0.0000
2020-09-18	2059.03	0.0000	0.0000	0.0000	0.0000	0.0000	0.0000	0.0000	0.0000	0.0000	0.0000
2020-09-18	2117.79	0.0000	0.0000	0.0000	0.0000	0.0000	0.0000	0.0000	0.0000	0.0000	0.0000
2020-09-18	2177.71	0.0000	0.0000	0.0000	0.0000	0.0000	0.0000	0.0000	0.0000	0.0000	0.0000
2020-09-18	2238.80	0.0000	0.0000	0.0000	0.0000	0.0000	0.0000	0.0000	0.0000	0.0000	0.0000
2020-09-18	2301.06	0.0000	0.0000	0.0000	0.0000	0.0000	0.0000	0.0000	0.0000	0.0000	0.0000
2020-09-18	2364.49	0.0000	0.0000	0.0000	0.0000	0.0000	0.0000	0.0000	0.0000	0.0000	0.0000
2020-09-18	2429.11	0.0000	0.0000	0.0000	0.0000	0.0000	0.0000	0.0000	0.0000	0.0000	0.0000
2020-09-18	2494.91	0.0000	0.0000	0.0000	0.0000	0.0000	0.0000	0.0000	0.0000	0.0000	0.0000
2020-09-18	2561.90	0.0000	0.0000	0.0000	0.0000	0.0000	0.0000	0.0000	0.0000	0.0000	0.0000
2020-09-18	2630.09	0.0000	0.0000	0.0000	0.0000	0.0000	0.0000	0.0000	0.0000	0.0000	0.0000
2020-09-18	2699.47	0.0000	0.0000	0.0000	0.0000	0.0000	0.0000	0.0000	0.0000	0.0000	0.0000
2020-09-18	2770.06	0.0000	0.0000	0.0000	0.0000	0.0000	0.0000	0.0000	0.0000	0.0000	0.0000
