Date	Depth(m)	DIC_C(µmol/kg)	Alk_C(µmol/kg)	DIC_E(µmol/kg)	Alk_E(µmol/kg)	DIC_W(µmol/kg)	Alk_W(µmol/kg)	DIC_S(µmol/kg)	Alk_S(µmol/kg)	DIC_N(µmol/kg)	Alk_N(µmol/kg)
2020-09-16	1.02	2300.60	2644.35	2328.46	2687.32	2290.15	2629.50	2267.76	2594.46	2323.56	2681.19
2020-09-16	3.17	2300.60	2644.34	2328.45	2687.32	2290.15	2629.50	2267.76	2594.46	2323.56	2681.19
2020-09-16	5.46	2300.60	2644.34	2328.45	2687.32	2290.15	2629.50	2267.76	2594.46	2323.56	2681.19
2020-09-16	7.92	2300.60	2644.34	2328.45	2687.32	2290.15	2629.50	2267.76	2594.46	2323.56	2681.19
2020-09-16	10.54	2300.60	2644.34	2328.45	2687.32	2290.15	2629.50	2267.76	2594.45	2323.56	2681.19
2020-09-16	13.32	2300.60	2644.34	2328.45	2687.32	2290.15	2629.50	2267.75	2594.45	2323.56	2681.19
2020-09-16	16.27	2300.60	2644.34	2328.44	2687.31	2290.12	2629.46	2267.74	2594.43	2323.56	2681.19
2020-09-16	19.40	2300.60	2644.34	2327.07	2683.40	2289.95	2625.89	2267.55	2593.55	2323.56	2681.19
2020-09-16	22.71	2300.60	2644.34	2321.94	2667.56	2286.12	2611.76	2266.90	2589.42	2323.55	2681.17
2020-09-16	26.20	2300.59	2644.34	2319.49	2654.94	2284.83	2604.26	2265.11	2579.11	2320.77	2671.86
2020-09-16	29.89	2299.23	2641.08	2321.77	2655.63	2285.64	2602.08	2264.92	2574.16	2316.46	2654.32
2020-09-16	33.77	2292.85	2619.71	2323.15	2656.62	2289.85	2608.16	2267.03	2575.77	2317.62	2651.94
2020-09-16	37.85	2296.39	2620.84	2324.52	2658.41	2293.62	2612.89	2270.77	2580.47	2317.71	2650.33
2020-09-16	42.15	2300.68	2625.52	2325.92	2660.42	2298.24	2619.17	2275.30	2586.60	2316.84	2648.28
2020-09-16	46.65	2304.39	2629.75	2327.10	2662.15	2302.50	2624.91	2280.64	2594.01	2315.74	2646.28
2020-09-16	51.38	2307.68	2633.82	2327.98	2663.38	2305.83	2629.35	2286.26	2601.89	2315.78	2646.11
2020-09-16	56.33	2310.79	2637.87	2328.67	2664.17	2308.77	2633.15	2291.46	2609.20	2316.81	2647.44
2020-09-16	61.52	2313.87	2641.93	2329.27	2664.72	2310.95	2636.02	2295.99	2615.46	2318.22	2649.25
2020-09-16	66.95	2316.62	2645.55	2329.83	2665.10	2313.30	2639.14	2299.87	2620.72	2319.79	2651.16
2020-09-16	72.62	2319.07	2648.68	2330.35	2665.39	2316.23	2642.80	2303.69	2625.84	2321.28	2652.95
2020-09-16	78.55	2321.28	2651.41	2330.82	2665.60	2318.87	2646.09	2307.65	2631.11	2322.74	2654.54
2020-09-16	84.74	2323.32	2653.80	2331.25	2665.73	2321.36	2649.19	2311.67	2636.40	2323.98	2655.88
2020-09-16	91.20	2325.28	2655.83	2331.67	2665.83	2324.06	2652.25	2315.52	2641.37	2325.31	2657.09
2020-09-16	97.93	2327.20	2657.56	2332.16	2665.88	2328.33	2655.75	2318.95	2645.58	2326.63	2658.06
2020-09-16	104.94	2329.19	2659.03	2332.54	2665.90	2331.14	2657.74	2321.77	2648.86	2327.97	2658.83
2020-09-16	112.25	2330.84	2660.10	2333.28	2665.88	2333.48	2659.02	2324.06	2651.28	2329.31	2659.38
2020-09-16	119.86	2333.24	2661.82	2334.24	2665.80	2333.92	2659.26	2326.01	2653.07	2330.65	2659.75
2020-09-16	127.77	2334.25	2662.47	2335.39	2665.60	2334.22	2659.44	2327.87	2654.56	2331.71	2659.88
2020-09-16	136.00	2334.66	2662.70	2336.42	2665.30	2334.31	2659.49	2329.50	2655.66	2332.38	2659.91
2020-09-16	144.55	2334.86	2662.82	2336.99	2665.03	2334.34	2659.50	2330.79	2656.37	2332.67	2659.89
2020-09-16	153.43	2334.97	2662.91	2337.19	2664.87	2334.35	2659.51	2331.76	2656.95	2332.78	2659.86
2020-09-16	162.66	2335.06	2663.01	2337.25	2664.76	2334.40	2659.54	2332.50	2657.50	2332.79	2659.81
2020-09-16	172.24	2335.15	2663.13	2337.23	2664.70	2334.42	2659.56	2333.04	2657.97	2332.75	2659.77
2020-09-16	182.18	2335.31	2663.32	2337.16	2664.63	2334.43	2659.56	2333.42	2658.33	2332.71	2659.72
2020-09-16	192.48	2335.52	2663.59	2337.07	2664.57	2334.43	2659.56	2333.68	2658.61	2332.67	2659.68
2020-09-16	203.17	2335.77	2663.90	2336.93	2664.46	2334.43	2659.56	2333.90	2658.87	2332.63	2659.65
2020-09-16	214.25	2335.85	2664.02	2336.81	2664.34	2334.42	2659.55	2334.04	2659.06	2332.59	2659.61
2020-09-16	225.72	2335.99	2664.16	2336.68	2664.21	2334.42	2659.55	2334.18	2659.25	2332.54	2659.55
2020-09-16	237.61	2335.98	2664.11	2336.55	2664.06	2334.42	2659.55	2334.26	2659.36	2332.50	2659.50
2020-09-16	249.92	2335.93	2664.01	2336.43	2663.90	2334.42	2659.54	2334.33	2659.48	2332.46	2659.41
2020-09-16	262.65	2335.88	2663.89	2336.31	2663.71	2334.44	2659.55	2334.40	2659.59	2332.41	2659.32
2020-09-16	275.83	2335.79	2663.70	2336.19	2663.52	2334.43	2659.53	2334.47	2659.71	2332.34	2659.18
2020-09-16	289.46	2335.69	2663.48	2336.06	2663.31	2334.45	2659.55	2334.53	2659.81	2332.27	2659.02
2020-09-16	303.56	2335.57	2663.22	2335.93	2663.08	2334.46	2659.55	2334.60	2659.93	2332.19	2658.83
2020-09-16	318.13	2335.42	2662.91	2335.79	2662.83	2334.46	2659.55	2334.68	2660.05	2332.08	2658.60
2020-09-16	333.19	2335.26	2662.55	2335.65	2662.56	2334.46	2659.54	2334.77	2660.18	2331.98	2658.36
2020-09-16	348.75	2335.07	2662.16	2335.50	2662.25	2334.46	2659.54	2334.84	2660.28	2331.86	2658.08
2020-09-16	364.82	2334.86	2661.71	2335.36	2661.95	2334.45	2659.52	2334.88	2660.31	2331.74	2657.78
2020-09-16	381.42	2334.64	2661.24	2335.22	2661.64	2334.44	2659.50	2334.91	2660.31	2331.61	2657.46
2020-09-16	398.54	2334.41	2660.74	2335.08	2661.33	2334.47	2659.51	2334.88	2660.19	2331.50	2657.16
2020-09-16	416.22	2334.16	2660.21	2334.94	2661.01	2334.51	2659.55	2334.79	2659.97	2331.37	2656.82
2020-09-16	434.46	2333.90	2659.66	2334.80	2660.68	2334.59	2659.60	2334.67	2659.68	2331.25	2656.49
2020-09-16	453.27	2333.63	2659.10	2334.65	2660.34	2334.66	2659.65	2334.52	2659.35	2331.11	2656.12
2020-09-16	472.67	2333.38	2658.56	2334.51	2660.00	2334.71	2659.67	2334.37	2659.01	2330.97	2655.74
2020-09-16	492.67	2333.13	2658.03	2334.37	2659.64	2334.76	2659.63	2334.22	2658.65	2330.82	2655.34
2020-09-16	513.29	2332.90	2657.54	2334.24	2659.30	2334.97	2659.64	2334.08	2658.30	2330.67	2654.92
2020-09-16	534.53	2332.69	2657.09	2334.11	2658.94	2335.08	2659.66	2333.94	2657.96	2330.51	2654.50
2020-09-16	556.41	2332.51	2656.69	2333.99	2658.60	2335.34	2659.74	2333.81	2657.63	2330.36	2654.09
2020-09-16	578.94	2332.36	2656.33	2333.88	2658.26	2335.28	2659.68	2333.70	2657.32	2330.21	2653.69
2020-09-16	602.15	2332.24	2656.02	2333.78	2657.93	2335.29	2659.60	2333.60	2657.04	2330.08	2653.33
2020-09-16	626.03	2332.12	2655.73	2333.68	2657.61	2335.23	2659.45	2333.52	2656.80	2329.96	2653.00
2020-09-16	650.62	2332.03	2655.46	2333.59	2657.30	2335.24	2659.36	2333.46	2656.58	2329.86	2652.70
2020-09-16	675.91	2331.94	2655.21	2333.52	2657.02	2335.25	2659.27	2333.42	2656.40	2329.78	2652.44
2020-09-16	701.93	2331.87	2654.99	2333.46	2656.77	2335.26	2659.18	2333.39	2656.23	2329.72	2652.22
2020-09-16	728.69	2331.81	2654.77	2333.41	2656.53	2335.27	2659.07	2333.37	2656.09	2329.68	2652.02
2020-09-16	756.20	2331.75	2654.56	2333.37	2656.31	2335.27	2658.96	2333.37	2655.96	2329.65	2651.85
2020-09-16	784.47	2331.71	2654.37	2333.33	2656.10	2335.27	2658.85	2333.38	2655.84	2329.63	2651.69
2020-09-16	813.53	2331.67	2654.18	2333.30	2655.90	2335.27	2658.73	2333.38	2655.73	2329.61	2651.54
2020-09-16	843.39	2331.63	2654.00	2333.28	2655.71	2335.28	2658.62	2333.39	2655.62	2329.60	2651.41
2020-09-16	874.06	2331.61	2653.84	2333.26	2655.54	2335.28	2658.50	2333.41	2655.51	2329.59	2651.27
2020-09-16	905.55	2331.59	2653.68	2333.25	2655.39	2335.29	2658.38	2333.43	2655.41	2329.59	2651.14
2020-09-16	937.89	2331.58	2653.53	2333.24	2655.24	2335.31	2658.27	2333.45	2655.32	2329.59	2651.02
2020-09-16	971.08	2331.57	2653.39	2333.24	2655.11	2335.33	2658.16	2333.48	2655.23	2329.60	2650.91
2020-09-16	1005.14	2331.57	2653.26	2333.24	2654.99	2335.34	2658.03	2333.51	2655.15	2329.61	2650.80
2020-09-16	1040.08	2331.58	2653.14	2333.26	2654.89	2335.36	2657.91	2333.55	2655.08	2329.62	2650.70
2020-09-16	1075.91	2331.59	2653.02	2333.27	2654.79	2335.37	2657.77	2333.60	2655.01	2329.64	2650.61
2020-09-16	1112.66	2331.61	2652.92	2333.28	2654.70	2335.39	2657.64	2333.64	2654.95	2329.67	2650.52
2020-09-16	1150.34	2331.63	2652.82	2333.31	2654.62	2335.40	2657.49	2333.70	2654.89	2329.70	2650.45
2020-09-16	1188.95	2331.66	2652.73	2333.32	2654.53	2335.42	2657.36	2333.75	2654.85	2329.74	2650.38
2020-09-16	1228.52	2331.69	2652.65	2333.34	2654.45	2335.44	2657.21	2333.81	2654.80	2329.78	2650.32
2020-09-16	1269.05	2331.72	2652.57	2333.35	2654.37	2335.47	2657.09	2333.87	2654.77	2329.82	2650.26
2020-09-16	1310.56	2331.76	2652.50	2333.39	2654.31	2335.51	2656.96	2333.94	2654.75	2329.87	2650.21
2020-09-16	1353.07	2331.79	2652.44	2333.41	2654.24	2335.56	2656.87	2334.01	2654.73	2329.91	2650.15
2020-09-16	1396.58	2331.84	2652.38	2333.44	2654.17	2335.61	2656.77	2334.08	2654.72	2329.94	2650.08
2020-09-16	1441.11	2331.88	2652.32	2333.46	2654.11	2335.68	2656.71	2334.15	2654.71	2330.01	2650.08
2020-09-16	1486.67	2331.92	2652.27	2333.51	2654.08	2335.76	2656.66	2334.22	2654.71	2330.03	2650.01
2020-09-16	1533.27	2331.97	2652.22	2333.56	2654.04	2335.85	2656.63	2334.30	2654.71	2330.11	2650.03
2020-09-16	1580.93	2332.02	2652.18	2333.61	2654.01	2335.92	2656.60	2334.38	2654.72	2330.12	2649.97
2020-09-16	1629.65	2332.07	2652.15	2333.67	2653.99	2336.00	2656.58	2334.45	2654.73	2330.18	2649.96
2020-09-16	1679.44	2332.12	2652.12	2333.72	2653.96	2336.07	2656.55	2334.52	2654.74	2330.19	2649.91
2020-09-16	1730.33	2332.18	2652.11	2333.80	2653.97	2336.13	2656.54	2334.59	2654.76	2330.20	2649.87
2020-09-16	1782.31	2332.23	2652.09	2333.83	2653.94	2336.21	2656.54	2334.67	2654.77	2330.19	2649.80
2020-09-16	1835.40	2332.29	2652.09	2333.91	2653.95	2336.30	2656.57	2334.74	2654.79	2330.20	2649.77
2020-09-16	1889.61	2332.35	2652.09	2333.94	2653.92	2336.39	2656.60	2334.81	2654.82	2330.16	2649.68
2020-09-16	1944.95	2332.40	2652.09	2334.00	2653.92	2336.48	2656.64	2334.87	2654.84	2330.19	2649.67
2020-09-16	2001.42	2332.46	2652.09	2334.03	2653.90	2336.58	2656.69	2334.94	2654.86	2330.19	2649.64
2020-09-16	2059.03	2332.51	2652.10	2334.08	2653.90	2336.64	2656.70	2335.00	2654.88	2330.25	2649.67
2020-09-16	2117.79	2332.58	2652.12	2334.13	2653.90	2336.73	2656.75	2335.06	2654.91	2330.28	2649.68
2020-09-16	2177.71	2332.63	2652.13	2334.19	2653.92	2336.78	2656.77	2335.11	2654.92	2330.36	2649.73
2020-09-16	2238.80	2332.69	2652.16	2334.23	2653.92	2336.96	2656.93	2335.16	2654.95	2330.41	2649.75
2020-09-16	2301.06	2332.76	2652.19	2334.29	2653.94	2337.06	2656.98	2335.20	2654.95	2330.50	2649.83
2020-09-16	2364.49	2332.84	2652.23	2334.32	2653.93	2337.18	2657.08	2335.25	2654.97	2330.45	2649.74
2020-09-16	2429.11	2332.93	2652.29	2334.36	2653.93	2337.19	2657.06	2335.28	2654.97	2330.56	2649.85
2020-09-16	2494.91	2333.02	2652.35	2334.39	2653.93	2337.47	2657.33	2335.32	2654.99	2330.65	2649.92
2020-09-16	2561.90	2333.18	2652.49	2334.41	2653.92	2337.27	2657.08	2335.34	2654.98	2330.60	2649.84
2020-09-16	2630.09	2333.28	2652.57	2334.44	2653.91	2337.41	2657.20	2335.36	2654.97	2330.60	2649.80
2020-09-16	2699.47	2333.50	2652.78	2334.45	2653.90	2336.60	2656.27	2335.38	2654.96	2330.78	2649.98
2020-09-16	2770.06	2333.57	2652.82	2334.47	2653.89	2337.04	2656.78	2335.36	2654.91	2330.64	2649.77
2020-09-17	1.02	2293.95	2634.28	2323.04	2679.30	2283.91	2620.05	2270.63	2599.31	2319.67	2676.63
2020-09-17	3.17	2293.96	2634.28	2323.04	2679.30	2283.91	2620.05	2270.63	2599.31	2319.67	2676.63
2020-09-17	5.46	2293.96	2634.28	2323.04	2679.30	2283.91	2620.05	2270.63	2599.31	2319.67	2676.63
2020-09-17	7.92	2293.96	2634.28	2323.04	2679.30	2283.91	2620.05	2270.63	2599.31	2319.67	2676.63
2020-09-17	10.54	2293.96	2634.28	2323.04	2679.30	2283.91	2620.05	2270.63	2599.31	2319.67	2676.63
2020-09-17	13.32	2293.96	2634.28	2323.04	2679.30	2283.92	2620.06	2270.63	2599.31	2319.67	2676.63
2020-09-17	16.27	2293.96	2634.28	2323.05	2679.27	2283.98	2620.12	2270.63	2599.31	2319.67	2676.63
2020-09-17	19.40	2293.96	2634.28	2323.16	2677.31	2283.41	2613.06	2270.64	2599.28	2319.80	2676.64
2020-09-17	22.71	2293.96	2634.28	2321.87	2667.46	2284.04	2605.01	2268.00	2589.58	2319.98	2676.50
2020-09-17	26.20	2293.94	2634.25	2320.00	2653.91	2285.79	2601.86	2267.92	2579.58	2320.20	2673.19
2020-09-17	29.89	2293.93	2634.23	2322.52	2655.66	2289.28	2606.78	2270.27	2579.80	2317.81	2655.61
2020-09-17	33.77	2296.24	2620.31	2323.43	2656.86	2293.11	2612.21	2273.94	2585.27	2318.23	2651.85
2020-09-17	37.85	2300.80	2624.79	2324.78	2658.69	2296.75	2616.73	2278.00	2590.64	2318.40	2650.74
2020-09-17	42.15	2304.44	2630.15	2326.07	2660.61	2300.93	2622.55	2282.39	2596.77	2317.38	2648.57
2020-09-17	46.65	2307.41	2633.28	2327.09	2662.08	2304.32	2627.08	2287.24	2603.54	2316.28	2646.66
2020-09-17	51.38	2310.38	2637.22	2327.94	2663.19	2307.01	2630.63	2291.99	2610.13	2316.20	2646.43
2020-09-17	56.33	2313.38	2641.21	2328.67	2663.99	2309.45	2633.77	2296.32	2616.05	2317.19	2647.72
2020-09-17	61.52	2316.38	2645.22	2329.33	2664.60	2311.45	2636.39	2300.15	2621.17	2318.77	2649.76
2020-09-17	66.95	2319.07	2648.77	2329.96	2665.07	2314.09	2639.78	2303.35	2625.37	2320.47	2651.82
2020-09-17	72.62	2321.49	2651.86	2330.53	2665.45	2317.10	2643.50	2306.57	2629.56	2321.97	2653.61
2020-09-17	78.55	2323.62	2654.47	2331.06	2665.74	2319.71	2646.71	2309.97	2633.96	2323.39	2655.15
2020-09-17	84.74	2325.42	2656.55	2331.55	2665.95	2322.47	2649.89	2313.47	2638.46	2324.59	2656.43
2020-09-17	91.20	2327.47	2658.44	2332.04	2666.10	2324.90	2652.55	2317.01	2642.91	2325.88	2657.57
2020-09-17	97.93	2329.79	2660.16	2332.53	2666.20	2327.43	2654.87	2320.26	2646.82	2327.17	2658.49
2020-09-17	104.94	2331.97	2661.44	2333.02	2666.23	2329.63	2656.63	2322.94	2649.90	2328.48	2659.20
2020-09-17	112.25	2332.88	2661.93	2333.87	2666.20	2331.34	2657.73	2325.19	2652.23	2329.86	2659.72
2020-09-17	119.86	2333.89	2662.55	2334.82	2666.11	2332.54	2658.35	2327.06	2653.89	2331.22	2660.08
2020-09-17	127.77	2334.55	2662.95	2335.84	2665.92	2333.44	2658.83	2328.76	2655.13	2332.20	2660.20
2020-09-17	136.00	2334.89	2663.16	2336.73	2665.62	2333.88	2659.04	2330.22	2656.00	2332.74	2660.19
2020-09-17	144.55	2335.10	2663.32	2337.20	2665.44	2334.04	2659.11	2331.38	2656.61	2332.93	2660.16
2020-09-17	153.43	2335.24	2663.45	2337.39	2665.32	2334.16	2659.18	2332.25	2657.17	2332.98	2660.12
2020-09-17	162.66	2335.36	2663.59	2337.45	2665.24	2334.35	2659.35	2332.93	2657.73	2332.96	2660.07
2020-09-17	172.24	2335.47	2663.71	2337.43	2665.19	2334.46	2659.47	2333.38	2658.16	2332.91	2660.02
2020-09-17	182.18	2335.60	2663.86	2337.36	2665.13	2334.53	2659.55	2333.59	2658.38	2332.85	2659.96
2020-09-17	192.48	2335.74	2664.04	2337.27	2665.07	2334.52	2659.54	2333.83	2658.67	2332.79	2659.91
2020-09-17	203.17	2335.86	2664.20	2337.16	2664.98	2334.48	2659.51	2333.98	2658.86	2332.73	2659.84
2020-09-17	214.25	2335.96	2664.30	2337.05	2664.89	2334.45	2659.47	2334.07	2658.99	2332.67	2659.78
2020-09-17	225.72	2336.09	2664.41	2336.94	2664.78	2334.44	2659.47	2334.14	2659.09	2332.61	2659.69
2020-09-17	237.61	2336.10	2664.39	2336.83	2664.66	2334.46	2659.48	2334.18	2659.17	2332.55	2659.62
2020-09-17	249.92	2336.09	2664.32	2336.73	2664.52	2334.45	2659.48	2334.28	2659.32	2332.50	2659.52
2020-09-17	262.65	2336.05	2664.22	2336.62	2664.36	2334.47	2659.49	2334.35	2659.44	2332.44	2659.41
2020-09-17	275.83	2335.99	2664.07	2336.51	2664.19	2334.49	2659.52	2334.44	2659.59	2332.37	2659.27
2020-09-17	289.46	2335.93	2663.89	2336.39	2663.99	2334.52	2659.54	2334.49	2659.68	2332.30	2659.11
2020-09-17	303.56	2335.82	2663.65	2336.28	2663.80	2334.55	2659.58	2334.57	2659.82	2332.22	2658.94
2020-09-17	318.13	2335.69	2663.34	2336.16	2663.55	2334.53	2659.56	2334.62	2659.91	2332.13	2658.72
2020-09-17	333.19	2335.52	2662.98	2336.02	2663.26	2334.53	2659.54	2334.75	2660.09	2332.04	2658.50
2020-09-17	348.75	2335.32	2662.56	2335.87	2662.95	2334.56	2659.56	2334.80	2660.16	2331.93	2658.24
2020-09-17	364.82	2335.10	2662.08	2335.72	2662.62	2334.54	2659.54	2334.82	2660.17	2331.81	2657.95
2020-09-17	381.42	2334.85	2661.56	2335.56	2662.29	2334.57	2659.54	2334.84	2660.14	2331.69	2657.64
2020-09-17	398.54	2334.59	2661.01	2335.40	2661.95	2334.64	2659.59	2334.81	2660.01	2331.58	2657.34
2020-09-17	416.22	2334.32	2660.44	2335.25	2661.59	2334.73	2659.67	2334.73	2659.81	2331.44	2657.00
2020-09-17	434.46	2334.04	2659.85	2335.09	2661.24	2334.78	2659.66	2334.61	2659.54	2331.32	2656.67
2020-09-17	453.27	2333.75	2659.26	2334.93	2660.86	2334.83	2659.65	2334.48	2659.24	2331.18	2656.30
2020-09-17	472.67	2333.48	2658.69	2334.77	2660.48	2334.85	2659.58	2334.35	2658.92	2331.04	2655.92
2020-09-17	492.67	2333.21	2658.14	2334.61	2660.09	2334.95	2659.61	2334.22	2658.59	2330.88	2655.50
2020-09-17	513.29	2332.97	2657.62	2334.46	2659.70	2335.08	2659.65	2334.09	2658.27	2330.73	2655.08
2020-09-17	534.53	2332.75	2657.15	2334.31	2659.31	2335.15	2659.63	2333.95	2657.94	2330.57	2654.65
2020-09-17	556.41	2332.57	2656.74	2334.17	2658.92	2335.21	2659.60	2333.83	2657.61	2330.41	2654.23
2020-09-17	578.94	2332.41	2656.36	2334.03	2658.54	2335.19	2659.53	2333.71	2657.31	2330.25	2653.81
2020-09-17	602.15	2332.27	2656.03	2333.91	2658.17	2335.17	2659.43	2333.62	2657.04	2330.11	2653.42
2020-09-17	626.03	2332.15	2655.73	2333.79	2657.81	2335.13	2659.32	2333.54	2656.80	2329.98	2653.07
2020-09-17	650.62	2332.05	2655.46	2333.69	2657.47	2335.13	2659.22	2333.48	2656.59	2329.87	2652.76
2020-09-17	675.91	2331.96	2655.21	2333.60	2657.15	2335.12	2659.12	2333.44	2656.40	2329.79	2652.49
2020-09-17	701.93	2331.89	2654.98	2333.52	2656.87	2335.13	2659.01	2333.41	2656.24	2329.72	2652.26
2020-09-17	728.69	2331.82	2654.76	2333.46	2656.61	2335.13	2658.91	2333.40	2656.10	2329.68	2652.05
2020-09-17	756.20	2331.77	2654.55	2333.40	2656.37	2335.14	2658.80	2333.40	2655.97	2329.65	2651.88
2020-09-17	784.47	2331.72	2654.35	2333.36	2656.14	2335.14	2658.69	2333.40	2655.85	2329.62	2651.71
2020-09-17	813.53	2331.67	2654.17	2333.33	2655.94	2335.15	2658.58	2333.41	2655.73	2329.60	2651.56
2020-09-17	843.39	2331.64	2653.99	2333.30	2655.75	2335.17	2658.47	2333.42	2655.62	2329.59	2651.42
2020-09-17	874.06	2331.62	2653.82	2333.28	2655.57	2335.18	2658.36	2333.43	2655.51	2329.58	2651.28
2020-09-17	905.55	2331.60	2653.67	2333.27	2655.42	2335.19	2658.24	2333.46	2655.41	2329.58	2651.15
2020-09-17	937.89	2331.58	2653.52	2333.26	2655.27	2335.20	2658.12	2333.48	2655.32	2329.58	2651.03
2020-09-17	971.08	2331.58	2653.38	2333.26	2655.13	2335.22	2658.00	2333.52	2655.24	2329.58	2650.91
2020-09-17	1005.14	2331.58	2653.25	2333.26	2655.01	2335.23	2657.88	2333.55	2655.16	2329.59	2650.80
2020-09-17	1040.08	2331.58	2653.12	2333.27	2654.90	2335.25	2657.76	2333.59	2655.08	2329.60	2650.70
2020-09-17	1075.91	2331.59	2653.01	2333.29	2654.81	2335.27	2657.64	2333.64	2655.01	2329.62	2650.60
2020-09-17	1112.66	2331.61	2652.90	2333.30	2654.71	2335.29	2657.52	2333.69	2654.96	2329.64	2650.51
2020-09-17	1150.34	2331.63	2652.81	2333.32	2654.63	2335.32	2657.39	2333.74	2654.90	2329.68	2650.44
2020-09-17	1188.95	2331.66	2652.71	2333.33	2654.54	2335.36	2657.29	2333.80	2654.86	2329.71	2650.37
2020-09-17	1228.52	2331.69	2652.63	2333.35	2654.46	2335.41	2657.18	2333.86	2654.82	2329.76	2650.30
2020-09-17	1269.05	2331.72	2652.55	2333.37	2654.38	2335.47	2657.09	2333.92	2654.79	2329.79	2650.24
2020-09-17	1310.56	2331.76	2652.48	2333.40	2654.31	2335.53	2657.00	2333.99	2654.76	2329.84	2650.18
2020-09-17	1353.07	2331.79	2652.41	2333.42	2654.24	2335.61	2656.93	2334.06	2654.75	2329.89	2650.13
2020-09-17	1396.58	2331.84	2652.35	2333.45	2654.18	2335.68	2656.86	2334.13	2654.73	2329.91	2650.07
2020-09-17	1441.11	2331.88	2652.30	2333.48	2654.12	2335.77	2656.82	2334.20	2654.72	2329.99	2650.06
2020-09-17	1486.67	2331.92	2652.25	2333.53	2654.08	2335.85	2656.77	2334.27	2654.72	2330.01	2649.99
2020-09-17	1533.27	2331.97	2652.20	2333.57	2654.05	2335.95	2656.74	2334.34	2654.72	2330.08	2650.00
2020-09-17	1580.93	2332.02	2652.16	2333.62	2654.01	2336.02	2656.71	2334.41	2654.73	2330.09	2649.94
2020-09-17	1629.65	2332.07	2652.13	2333.68	2653.99	2336.10	2656.68	2334.48	2654.74	2330.14	2649.93
2020-09-17	1679.44	2332.12	2652.10	2333.73	2653.97	2336.15	2656.64	2334.56	2654.75	2330.15	2649.88
2020-09-17	1730.33	2332.18	2652.09	2333.80	2653.97	2336.21	2656.60	2334.63	2654.77	2330.17	2649.83
2020-09-17	1782.31	2332.23	2652.07	2333.83	2653.94	2336.26	2656.58	2334.70	2654.78	2330.15	2649.77
2020-09-17	1835.40	2332.29	2652.07	2333.91	2653.95	2336.33	2656.58	2334.76	2654.80	2330.16	2649.73
2020-09-17	1889.61	2332.34	2652.07	2333.94	2653.92	2336.39	2656.57	2334.83	2654.82	2330.12	2649.64
2020-09-17	1944.95	2332.40	2652.07	2334.00	2653.92	2336.45	2656.58	2334.89	2654.84	2330.15	2649.64
2020-09-17	2001.42	2332.45	2652.07	2334.03	2653.90	2336.53	2656.61	2334.95	2654.86	2330.15	2649.60
2020-09-17	2059.03	2332.51	2652.08	2334.08	2653.90	2336.60	2656.63	2335.00	2654.88	2330.23	2649.65
2020-09-17	2117.79	2332.57	2652.10	2334.13	2653.90	2336.67	2656.66	2335.05	2654.89	2330.26	2649.66
2020-09-17	2177.71	2332.62	2652.11	2334.18	2653.91	2336.75	2656.71	2335.10	2654.90	2330.34	2649.72
2020-09-17	2238.80	2332.69	2652.14	2334.23	2653.91	2336.89	2656.83	2335.15	2654.92	2330.40	2649.75
2020-09-17	2301.06	2332.76	2652.17	2334.28	2653.93	2337.00	2656.91	2335.19	2654.93	2330.48	2649.81
2020-09-17	2364.49	2332.83	2652.21	2334.31	2653.92	2337.09	2656.97	2335.23	2654.94	2330.43	2649.73
2020-09-17	2429.11	2332.92	2652.27	2334.36	2653.93	2337.14	2656.99	2335.25	2654.94	2330.55	2649.84
2020-09-17	2494.91	2333.01	2652.33	2334.39	2653.92	2337.35	2657.19	2335.29	2654.95	2330.63	2649.91
2020-09-17	2561.90	2333.16	2652.46	2334.41	2653.91	2337.28	2657.09	2335.30	2654.93	2330.58	2649.83
2020-09-17	2630.09	2333.26	2652.54	2334.43	2653.90	2337.16	2656.92	2335.32	2654.92	2330.60	2649.81
2020-09-17	2699.47	2333.47	2652.75	2334.45	2653.89	2336.40	2656.04	2335.33	2654.91	2330.77	2649.97
2020-09-17	2770.06	2333.54	2652.78	2334.46	2653.87	2337.17	2656.93	2335.31	2654.86	2330.54	2649.66
2020-09-18	1.02	2291.96	2631.20	2317.83	2672.21	2285.20	2620.85	2284.97	2620.46	2315.06	2669.60
2020-09-18	3.17	2291.96	2631.19	2317.83	2672.21	2285.20	2620.85	2284.97	2620.46	2315.05	2669.59
2020-09-18	5.46	2291.96	2631.19	2317.83	2672.21	2285.20	2620.85	2284.97	2620.46	2315.05	2669.59
2020-09-18	7.92	2291.96	2631.19	2317.83	2672.21	2285.20	2620.85	2284.97	2620.46	2315.05	2669.59
2020-09-18	10.54	2291.95	2631.19	2317.83	2672.21	2285.20	2620.85	2284.97	2620.46	2315.05	2669.59
2020-09-18	13.32	2291.95	2631.19	2317.84	2672.21	2285.19	2620.84	2284.97	2620.46	2315.05	2669.59
2020-09-18	16.27	2291.95	2631.19	2317.86	2672.23	2285.16	2620.81	2284.96	2620.45	2315.06	2669.60
2020-09-18	19.40	2291.95	2631.19	2318.46	2671.42	2284.33	2617.31	2284.93	2620.40	2315.20	2669.68
2020-09-18	22.71	2291.96	2631.19	2320.76	2661.99	2283.78	2609.25	2276.59	2600.45	2315.54	2669.87
2020-09-18	26.20	2291.69	2630.58	2321.67	2651.53	2285.54	2603.18	2272.43	2584.97	2317.02	2670.08
2020-09-18	29.89	2291.06	2631.23	2324.10	2657.72	2289.41	2607.11	2275.32	2587.04	2317.44	2655.88
2020-09-18	33.77	2296.99	2621.68	2324.39	2658.26	2293.62	2612.80	2278.89	2592.11	2317.72	2650.66
2020-09-18	37.85	2301.10	2624.04	2325.83	2660.05	2296.83	2616.57	2282.96	2597.74	2317.84	2649.33
2020-09-18	42.15	2303.97	2629.36	2326.65	2661.45	2300.55	2621.89	2286.80	2603.15	2317.08	2647.68
2020-09-18	46.65	2306.59	2631.64	2327.43	2662.38	2303.53	2625.81	2290.97	2608.90	2316.32	2646.40
2020-09-18	51.38	2309.32	2635.42	2328.17	2663.26	2305.97	2629.10	2294.68	2613.93	2316.50	2646.61
2020-09-18	56.33	2312.35	2639.44	2328.85	2663.92	2308.27	2632.16	2298.20	2618.60	2317.74	2648.26
2020-09-18	61.52	2315.62	2643.78	2329.54	2664.53	2310.83	2635.51	2301.56	2622.96	2319.44	2650.47
2020-09-18	66.95	2318.62	2647.75	2330.21	2665.07	2314.76	2640.18	2304.62	2626.87	2321.21	2652.61
2020-09-18	72.62	2321.53	2651.41	2330.85	2665.55	2318.22	2644.29	2307.58	2630.58	2322.79	2654.47
2020-09-18	78.55	2323.42	2654.01	2331.45	2665.93	2321.44	2648.00	2310.49	2634.18	2324.23	2656.03
2020-09-18	84.74	2324.92	2656.07	2332.02	2666.23	2324.37	2651.16	2313.48	2637.87	2325.42	2657.27
2020-09-18	91.20	2328.99	2659.46	2332.59	2666.46	2326.92	2653.69	2316.67	2641.75	2326.65	2658.32
2020-09-18	97.93	2332.61	2662.08	2333.12	2666.61	2329.29	2655.80	2319.90	2645.55	2327.85	2659.14
2020-09-18	104.94	2335.06	2663.60	2333.94	2666.70	2330.60	2656.88	2322.71	2648.79	2329.11	2659.74
2020-09-18	112.25	2335.09	2663.62	2334.99	2666.68	2331.57	2657.59	2325.16	2651.42	2330.45	2660.14
2020-09-18	119.86	2335.12	2663.63	2335.93	2666.56	2332.67	2658.24	2327.12	2653.38	2331.77	2660.39
2020-09-18	127.77	2335.15	2663.65	2336.76	2666.37	2333.17	2658.43	2328.68	2654.60	2332.63	2660.42
2020-09-18	136.00	2335.18	2663.67	2337.33	2666.12	2333.42	2658.52	2330.10	2655.43	2333.04	2660.37
2020-09-18	144.55	2335.21	2663.69	2337.57	2666.02	2333.82	2658.86	2331.46	2656.29	2333.13	2660.32
2020-09-18	153.43	2335.24	2663.71	2337.67	2665.96	2334.02	2659.01	2332.30	2656.98	2333.11	2660.26
2020-09-18	162.66	2335.27	2663.73	2337.70	2665.90	2334.09	2659.06	2333.07	2657.73	2333.06	2660.21
2020-09-18	172.24	2335.30	2663.76	2337.67	2665.85	2334.23	2659.22	2333.57	2658.29	2333.00	2660.15
2020-09-18	182.18	2335.32	2663.78	2337.61	2665.81	2334.33	2659.34	2333.67	2658.42	2332.93	2660.09
2020-09-18	192.48	2335.35	2663.80	2337.54	2665.75	2334.40	2659.42	2333.88	2658.70	2332.87	2660.04
2020-09-18	203.17	2335.36	2663.81	2337.45	2665.67	2334.39	2659.42	2333.91	2658.75	2332.80	2659.98
2020-09-18	214.25	2335.48	2663.89	2337.37	2665.59	2334.38	2659.42	2333.95	2658.81	2332.75	2659.92
2020-09-18	225.72	2335.64	2664.06	2337.27	2665.49	2334.38	2659.42	2333.95	2658.81	2332.68	2659.83
2020-09-18	237.61	2335.68	2664.06	2337.17	2665.37	2334.41	2659.46	2333.96	2658.82	2332.63	2659.75
2020-09-18	249.92	2335.76	2664.12	2337.08	2665.23	2334.42	2659.47	2334.04	2658.94	2332.56	2659.64
2020-09-18	262.65	2335.75	2664.08	2336.98	2665.08	2334.42	2659.47	2334.09	2659.03	2332.49	2659.52
2020-09-18	275.83	2335.72	2663.99	2336.87	2664.92	2334.45	2659.49	2334.19	2659.18	2332.42	2659.37
2020-09-18	289.46	2335.86	2664.00	2336.77	2664.74	2334.40	2659.45	2334.21	2659.20	2332.34	2659.21
2020-09-18	303.56	2335.90	2663.95	2336.67	2664.55	2334.45	2659.49	2334.29	2659.33	2332.25	2659.03
2020-09-18	318.13	2335.85	2663.75	2336.54	2664.23	2334.40	2659.44	2334.29	2659.33	2332.16	2658.81
2020-09-18	333.19	2335.74	2663.47	2336.39	2663.91	2334.40	2659.43	2334.60	2659.78	2332.07	2658.60
2020-09-18	348.75	2335.63	2663.12	2336.22	2663.57	2334.45	2659.46	2334.69	2659.91	2331.97	2658.34
2020-09-18	364.82	2335.44	2662.63	2336.05	2663.22	2334.45	2659.45	2334.80	2660.03	2331.86	2658.07
2020-09-18	381.42	2335.19	2662.06	2335.88	2662.85	2334.52	2659.49	2334.80	2659.99	2331.75	2657.78
2020-09-18	398.54	2334.90	2661.48	2335.70	2662.47	2334.58	2659.53	2334.78	2659.89	2331.64	2657.49
2020-09-18	416.22	2334.59	2660.82	2335.52	2662.08	2334.61	2659.51	2334.69	2659.70	2331.51	2657.16
2020-09-18	434.46	2334.27	2660.15	2335.35	2661.69	2334.61	2659.48	2334.60	2659.46	2331.38	2656.82
2020-09-18	453.27	2333.95	2659.50	2335.18	2661.29	2334.68	2659.49	2334.46	2659.16	2331.24	2656.46
2020-09-18	472.67	2333.65	2658.89	2335.00	2660.87	2334.71	2659.46	2334.36	2658.88	2331.10	2656.08
2020-09-18	492.67	2333.35	2658.28	2334.82	2660.45	2334.89	2659.53	2334.22	2658.56	2330.94	2655.67
2020-09-18	513.29	2333.09	2657.75	2334.65	2660.03	2335.08	2659.64	2334.09	2658.25	2330.79	2655.24
2020-09-18	534.53	2332.86	2657.26	2334.49	2659.61	2335.23	2659.69	2333.96	2657.92	2330.63	2654.81
2020-09-18	556.41	2332.66	2656.83	2334.33	2659.20	2335.23	2659.61	2333.83	2657.61	2330.47	2654.38
2020-09-18	578.94	2332.49	2656.45	2334.18	2658.78	2335.22	2659.51	2333.72	2657.31	2330.30	2653.96
2020-09-18	602.15	2332.35	2656.10	2334.04	2658.38	2335.21	2659.42	2333.62	2657.04	2330.15	2653.56
2020-09-18	626.03	2332.22	2655.79	2333.90	2658.00	2335.18	2659.31	2333.54	2656.81	2330.02	2653.19
2020-09-18	650.62	2332.11	2655.51	2333.78	2657.64	2335.15	2659.19	2333.48	2656.60	2329.91	2652.87
2020-09-18	675.91	2332.02	2655.25	2333.68	2657.30	2335.11	2659.05	2333.45	2656.42	2329.81	2652.58
2020-09-18	701.93	2331.94	2655.02	2333.60	2657.00	2335.09	2658.93	2333.42	2656.26	2329.74	2652.33
2020-09-18	728.69	2331.87	2654.79	2333.52	2656.71	2335.09	2658.81	2333.41	2656.11	2329.68	2652.11
2020-09-18	756.20	2331.82	2654.59	2333.46	2656.46	2335.09	2658.70	2333.41	2655.98	2329.64	2651.92
2020-09-18	784.47	2331.77	2654.39	2333.41	2656.22	2335.10	2658.59	2333.41	2655.86	2329.61	2651.75
2020-09-18	813.53	2331.72	2654.21	2333.37	2656.01	2335.11	2658.48	2333.41	2655.74	2329.59	2651.59
2020-09-18	843.39	2331.69	2654.03	2333.34	2655.82	2335.13	2658.37	2333.42	2655.62	2329.58	2651.44
2020-09-18	874.06	2331.66	2653.87	2333.32	2655.64	2335.14	2658.26	2333.44	2655.51	2329.57	2651.31
2020-09-18	905.55	2331.64	2653.71	2333.31	2655.48	2335.17	2658.15	2333.46	2655.41	2329.57	2651.18
2020-09-18	937.89	2331.63	2653.56	2333.30	2655.33	2335.18	2658.03	2333.49	2655.32	2329.56	2651.05
2020-09-18	971.08	2331.62	2653.43	2333.30	2655.19	2335.20	2657.92	2333.52	2655.23	2329.56	2650.93
2020-09-18	1005.14	2331.62	2653.29	2333.30	2655.07	2335.21	2657.79	2333.55	2655.15	2329.57	2650.81
2020-09-18	1040.08	2331.63	2653.17	2333.30	2654.95	2335.24	2657.69	2333.60	2655.08	2329.58	2650.71
2020-09-18	1075.91	2331.64	2653.05	2333.32	2654.85	2335.28	2657.58	2333.64	2655.01	2329.60	2650.61
2020-09-18	1112.66	2331.65	2652.95	2333.33	2654.76	2335.31	2657.48	2333.69	2654.95	2329.63	2650.52
2020-09-18	1150.34	2331.67	2652.85	2333.35	2654.67	2335.34	2657.36	2333.74	2654.89	2329.66	2650.45
2020-09-18	1188.95	2331.70	2652.75	2333.37	2654.58	2335.37	2657.25	2333.79	2654.85	2329.69	2650.37
2020-09-18	1228.52	2331.72	2652.67	2333.39	2654.51	2335.41	2657.14	2333.85	2654.80	2329.73	2650.30
2020-09-18	1269.05	2331.75	2652.58	2333.40	2654.42	2335.47	2657.06	2333.92	2654.77	2329.76	2650.22
2020-09-18	1310.56	2331.79	2652.51	2333.43	2654.35	2335.53	2656.97	2333.98	2654.75	2329.80	2650.16
2020-09-18	1353.07	2331.83	2652.44	2333.46	2654.28	2335.60	2656.90	2334.05	2654.73	2329.85	2650.11
2020-09-18	1396.58	2331.87	2652.38	2333.49	2654.22	2335.67	2656.83	2334.11	2654.71	2329.88	2650.05
2020-09-18	1441.11	2331.91	2652.32	2333.52	2654.16	2335.75	2656.78	2334.18	2654.71	2329.96	2650.04
2020-09-18	1486.67	2331.96	2652.27	2333.57	2654.13	2335.83	2656.73	2334.25	2654.71	2329.98	2649.97
2020-09-18	1533.27	2332.00	2652.23	2333.62	2654.09	2335.91	2656.70	2334.33	2654.71	2330.06	2649.98
2020-09-18	1580.93	2332.05	2652.19	2333.66	2654.05	2335.98	2656.65	2334.40	2654.72	2330.06	2649.91
2020-09-18	1629.65	2332.10	2652.16	2333.72	2654.03	2336.05	2656.62	2334.48	2654.73	2330.11	2649.90
2020-09-18	1679.44	2332.16	2652.13	2333.76	2654.01	2336.11	2656.58	2334.55	2654.75	2330.12	2649.85
2020-09-18	1730.33	2332.21	2652.12	2333.83	2654.00	2336.15	2656.53	2334.62	2654.76	2330.13	2649.80
2020-09-18	1782.31	2332.27	2652.10	2333.86	2653.96	2336.21	2656.51	2334.69	2654.78	2330.11	2649.73
2020-09-18	1835.40	2332.32	2652.10	2333.93	2653.97	2336.26	2656.49	2334.76	2654.80	2330.12	2649.69
2020-09-18	1889.61	2332.38	2652.10	2333.96	2653.94	2336.31	2656.48	2334.82	2654.82	2330.08	2649.61
2020-09-18	1944.95	2332.43	2652.10	2334.02	2653.94	2336.37	2656.48	2334.88	2654.84	2330.12	2649.61
2020-09-18	2001.42	2332.49	2652.10	2334.06	2653.92	2336.43	2656.49	2334.94	2654.86	2330.13	2649.59
2020-09-18	2059.03	2332.54	2652.11	2334.11	2653.93	2336.52	2656.55	2335.00	2654.87	2330.21	2649.64
2020-09-18	2117.79	2332.60	2652.13	2334.15	2653.92	2336.59	2656.57	2335.05	2654.89	2330.26	2649.66
2020-09-18	2177.71	2332.66	2652.14	2334.20	2653.93	2336.72	2656.67	2335.10	2654.90	2330.33	2649.72
2020-09-18	2238.80	2332.72	2652.17	2334.24	2653.92	2336.83	2656.75	2335.14	2654.92	2330.40	2649.77
2020-09-18	2301.06	2332.79	2652.20	2334.29	2653.93	2336.92	2656.81	2335.18	2654.92	2330.48	2649.82
2020-09-18	2364.49	2332.86	2652.24	2334.32	2653.93	2337.03	2656.89	2335.22	2654.93	2330.44	2649.74
2020-09-18	2429.11	2332.95	2652.30	2334.36	2653.93	2337.03	2656.87	2335.25	2654.93	2330.55	2649.86
2020-09-18	2494.91	2333.04	2652.36	2334.40	2653.93	2337.23	2657.05	2335.29	2654.94	2330.64	2649.92
2020-09-18	2561.90	2333.18	2652.49	2334.42	2653.91	2337.32	2657.13	2335.30	2654.93	2330.59	2649.84
2020-09-18	2630.09	2333.28	2652.56	2334.44	2653.90	2337.00	2656.74	2335.32	2654.92	2330.61	2649.82
2020-09-18	2699.47	2333.49	2652.75	2334.46	2653.90	2336.44	2656.07	2335.33	2654.91	2330.77	2649.98
2020-09-18	2770.06	2333.55	2652.79	2334.47	2653.88	2337.40	2657.18	2335.30	2654.86	2330.53	2649.65
